epoch,accuracy,loss,val_accuracy,val_loss
0,0.8503932356834412,0.3392210900783539,0.9102392792701721,0.20327021181583405
1,0.9227067232131958,0.17926958203315735,0.9365358948707581,0.16439615190029144
2,0.9370236396789551,0.1537073403596878,0.9447953104972839,0.1485121101140976
3,0.9435065388679504,0.14038017392158508,0.9458885192871094,0.1403009593486786
4,0.9463911652565002,0.13233396410942078,0.9513543248176575,0.13244958221912384
5,0.94927579164505,0.12700331211090088,0.9538443088531494,0.12753087282180786
6,0.9507333040237427,0.12260831892490387,0.952751100063324,0.1283116489648819
7,0.9515227675437927,0.119978167116642,0.9552410840988159,0.12497282028198242
8,0.952934741973877,0.11788197606801987,0.9557876586914062,0.1235821470618248
9,0.9541645050048828,0.11634010076522827,0.9499574899673462,0.1330052614212036
10,0.9534813165664673,0.11520734429359436,0.953236997127533,0.12467290461063385
11,0.9545440673828125,0.11409981548786163,0.9491072297096252,0.1329856663942337
12,0.9543011784553528,0.11363771557807922,0.957427442073822,0.121402308344841
13,0.9546655416488647,0.11265955120325089,0.9592493772506714,0.11990118771791458
14,0.9549236297607422,0.11166061460971832,0.9586420655250549,0.1191086694598198
15,0.9553183913230896,0.1110556423664093,0.957791805267334,0.11957889795303345
