epoch,accuracy,loss,val_accuracy,val_loss
0,0.9174536466598511,0.1796981692314148,0.9443702101707458,0.13930799067020416
1,0.944766640663147,0.12972235679626465,0.9539050459861755,0.1169363409280777
2,0.9495946168899536,0.11851585656404495,0.9463743567466736,0.1302565634250641
3,0.9521148800849915,0.11198632419109344,0.9532976746559143,0.11787987500429153
4,0.9543011784553528,0.10816381126642227,0.9566379189491272,0.11494484543800354
5,0.9556068181991577,0.10549531877040863,0.955301821231842,0.11538759618997574
6,0.9559712409973145,0.10372786223888397,0.9596744775772095,0.10663451254367828
7,0.9571250677108765,0.10098055750131607,0.9575489163398743,0.11121933907270432
8,0.95758056640625,0.0993160530924797,0.9518401622772217,0.11928846687078476
9,0.9585522413253784,0.09824666380882263,0.9624680876731873,0.10533798485994339
10,0.9590228796005249,0.09663833677768707,0.9573667049407959,0.11359941959381104
11,0.9598578810691833,0.09573640674352646,0.9588242173194885,0.1139276772737503
12,0.9604499936103821,0.09465058147907257,0.9545730352401733,0.12174231559038162
13,0.9600400924682617,0.09404170513153076,0.9575489163398743,0.11036194115877151
14,0.9611483812332153,0.09277156740427017,0.9583991169929504,0.10951104760169983
15,0.9609054923057556,0.09232045710086823,0.960706889629364,0.10574593394994736

0,0.8515774607658386,0.37056419253349304,0.9110895395278931,0.1934601068496704
1,0.9198979735374451,0.17582152783870697,0.927304744720459,0.1628565639257431
2,0.9370691776275635,0.14838433265686035,0.9461314082145691,0.14230285584926605
3,0.9456320405006409,0.13339677453041077,0.9474675059318542,0.13449211418628693
4,0.9485774040222168,0.12519319355487823,0.950261116027832,0.12711703777313232
5,0.951492428779602,0.1198091059923172,0.9502004384994507,0.12312426418066025
6,0.9536786675453186,0.11546596884727478,0.9509899020195007,0.12106558680534363
7,0.9541797041893005,0.11278852075338364,0.9559698700904846,0.11291998624801636
8,0.9554550051689148,0.11071572452783585,0.9558483958244324,0.11313626170158386
9,0.9569277167320251,0.10896532237529755,0.9537835717201233,0.11368843168020248
10,0.9568062424659729,0.1076035350561142,0.9571844935417175,0.10888009518384933
11,0.9576412439346313,0.10620672255754471,0.9563342928886414,0.11383003741502762
12,0.9571858048439026,0.10596048086881638,0.9547552466392517,0.11642946302890778
13,0.9580360054969788,0.1048307791352272,0.9585813283920288,0.1103295385837555
14,0.9585522413253784,0.10382694751024246,0.9573059678077698,0.11058744788169861
15,0.9578993916511536,0.10328073799610138,0.9584598541259766,0.10518685728311539

0,0.9074788093566895,0.1916237473487854,0.9411514401435852,0.1359415203332901
1,0.9435824155807495,0.13200506567955017,0.9367788434028625,0.13947369158267975
2,0.9493668675422668,0.12014301866292953,0.948621392250061,0.1261814683675766
3,0.9515683650970459,0.1137627363204956,0.9552410840988159,0.11855531483888626
4,0.953511655330658,0.10918199270963669,0.9557876586914062,0.11624296009540558
5,0.9541493058204651,0.10686210542917252,0.9593101143836975,0.11010675877332687
6,0.9559105038642883,0.10403164476156235,0.9579132795333862,0.11254794895648956
7,0.955940842628479,0.10265129804611206,0.9556055068969727,0.12124235928058624
8,0.95758056640625,0.10051277279853821,0.9588849544525146,0.11354036629199982
9,0.9581119418144226,0.09866534918546677,0.9591279029846191,0.11465746909379959
10,0.9585977792739868,0.09755446016788483,0.9565771818161011,0.12389004975557327
11,0.9588862061500549,0.0965588390827179,0.9585205912590027,0.11788737028837204
12,0.959235429763794,0.09627826511859894,0.9587635397911072,0.11565171182155609
13,0.9600552916526794,0.09494578838348389,0.961982250213623,0.11163802444934845
14,0.9602222442626953,0.09331759065389633,0.9616178870201111,0.11325947940349579
15,0.9604651927947998,0.09209706634283066,0.9529940485954285,0.12602941691875458
16,0.9610117673873901,0.09167557954788208,0.9627717733383179,0.11262785643339157
17,0.9614976048469543,0.09041684120893478,0.9539050459861755,0.1253480166196823
18,0.9615127444267273,0.09076466411352158,0.9627110362052917,0.11359018832445145
19,0.9619227051734924,0.0893491879105568,0.9588849544525146,0.11845926195383072
20,0.9626514315605164,0.08832310885190964,0.9594922661781311,0.11595938354730606
21,0.963182806968689,0.08720463514328003,0.9621644616127014,0.11534571647644043
22,0.9631372690200806,0.08702391386032104,0.9599781632423401,0.11759757995605469
23,0.9636383056640625,0.08620583266019821,0.9636827111244202,0.11062657088041306

0,0.8439255356788635,0.4195798635482788,0.9025871753692627,0.34994879364967346
1,0.9200345873832703,0.3127429783344269,0.9321632385253906,0.2903916537761688
2,0.9387696385383606,0.2582617700099945,0.9433985352516174,0.2514640986919403
3,0.9467251896858215,0.22164836525917053,0.9526296854019165,0.2219466269016266
4,0.950353741645813,0.19707150757312775,0.9551196694374084,0.2054370790719986
5,0.9526766538619995,0.17979022860527039,0.9526296854019165,0.1971977800130844
6,0.9536027908325195,0.16732154786586761,0.9541479349136353,0.18455219268798828
7,0.9543467164039612,0.1587677001953125,0.9554840326309204,0.17865055799484253
8,0.9558953046798706,0.15138131380081177,0.9574881792068481,0.17217819392681122
9,0.9562748670578003,0.1453550159931183,0.956516444683075,0.16792458295822144
10,0.9569732546806335,0.14088787138462067,0.9565771818161011,0.16405846178531647
11,0.9570795297622681,0.13677872717380524,0.958702802658081,0.1591665893793106
12,0.95744389295578,0.13392950594425201,0.9582169055938721,0.15655450522899628
13,0.9571706056594849,0.13153941929340363,0.9570022821426392,0.1575782150030136
14,0.9583092927932739,0.129130557179451,0.9560306072235107,0.15931718051433563
15,0.9582940936088562,0.1272057741880417,0.9586420655250549,0.15282969176769257
16,0.9588558673858643,0.1248188465833664,0.9560913443565369,0.15498757362365723
17,0.9586888551712036,0.12344550341367722,0.9584598541259766,0.15052054822444916
18,0.9594631791114807,0.12134730070829391,0.9568808674812317,0.1516687572002411
19,0.9591442942619324,0.12059538811445236,0.9566986560821533,0.1502402275800705
20,0.9596757292747498,0.12010181695222855,0.9581562280654907,0.14876143634319305
21,0.9592050313949585,0.11899864673614502,0.9614964127540588,0.14348457753658295
22,0.9592809677124023,0.11794282495975494,0.9576095938682556,0.14700902998447418
23,0.9596149921417236,0.11698999255895615,0.9537228345870972,0.15536168217658997

0,0.7065557241439819,0.5097297430038452,0.8702174425125122,0.24103611707687378
1,0.8131206035614014,0.3552809953689575,0.9236001372337341,0.18225617706775665
2,0.8417544960975647,0.31723588705062866,0.9246325492858887,0.16811467707157135
3,0.87971031665802,0.2698248624801636,0.9319203495979309,0.16449366509914398
4,0.8871192932128906,0.2565678656101227,0.9447953104972839,0.15928910672664642
5,0.8934958577156067,0.24557696282863617,0.93107008934021,0.18572714924812317
6,0.8943005204200745,0.24396184086799622,0.9430341124534607,0.18226692080497742
7,0.896608293056488,0.24158494174480438,0.9516579508781433,0.1663876175880432
8,0.8973522186279297,0.2363252192735672,0.9506862759590149,0.17912578582763672
9,0.8984301686286926,0.23595337569713593,0.9514150619506836,0.18259559571743011
10,0.9021497964859009,0.2313142716884613,0.9521437883377075,0.17020808160305023
11,0.9036528468132019,0.22657054662704468,0.9517794251441956,0.17630352079868317
12,0.9041386842727661,0.225689098238945,0.9565771818161011,0.18142178654670715
13,0.9058087468147278,0.22412562370300293,0.9493501782417297,0.1857796013355255
14,0.9041538834571838,0.22678537666797638,0.9534191489219666,0.18405720591545105
15,0.9056417346000671,0.22468100488185883,0.9563342928886414,0.17737342417240143

0,0.5475358963012695,0.9648575186729431,0.5536863803863525,0.6633704304695129
1,0.5499195456504822,0.6949601173400879,0.5536863803863525,0.6140148043632507
2,0.5540643334388733,0.6507511138916016,0.7720150351524353,0.5554787516593933
3,0.6343333721160889,0.6131370663642883,0.7690999507904053,0.5016937255859375
4,0.6787872314453125,0.5736824870109558,0.7749909162521362,0.466670423746109
5,0.6985394358634949,0.5465290546417236,0.7816106081008911,0.44912031292915344
6,0.717365562915802,0.5234768390655518,0.7887768745422363,0.4362718164920807
7,0.7284942269325256,0.5051828622817993,0.8071784377098083,0.4219026565551758
8,0.7408071160316467,0.49331218004226685,0.8252763152122498,0.4083590805530548
9,0.7498405575752258,0.47823962569236755,0.8441029787063599,0.38252899050712585
10,0.7633376717567444,0.46052825450897217,0.8588606715202332,0.3509206771850586
11,0.7717335224151611,0.4404682517051697,0.8701567053794861,0.31987273693084717
12,0.7794005870819092,0.4238887131214142,0.8812704682350159,0.2908812165260315
13,0.7884492874145508,0.4065929651260376,0.8839426636695862,0.2737451195716858
14,0.7957367897033691,0.3887723982334137,0.8963925838470459,0.25788629055023193
15,0.7998360395431519,0.377774715423584,0.8985788822174072,0.2481640726327896

0,0.703822910785675,0.5122745633125305,0.8741042017936707,0.2315538078546524
1,0.8130143284797668,0.32843679189682007,0.9010688662528992,0.19817911088466644
2,0.8458385467529297,0.2900109887123108,0.9322239756584167,0.16778042912483215
3,0.8570734262466431,0.27076849341392517,0.9376290440559387,0.16035762429237366
4,0.8663650155067444,0.2607771158218384,0.945341944694519,0.15224365890026093
5,0.8692952394485474,0.25480639934539795,0.948621392250061,0.14622299373149872
6,0.8718762397766113,0.24760058522224426,0.9547552466392517,0.1392703354358673
7,0.8712841272354126,0.24484163522720337,0.9551803469657898,0.14031153917312622
8,0.874123215675354,0.24190717935562134,0.9517186880111694,0.13844114542007446
9,0.8747305274009705,0.2409282624721527,0.9519008994102478,0.14374426007270813
10,0.8765676021575928,0.24060450494289398,0.9545730352401733,0.1380620002746582
11,0.8780402541160583,0.23694610595703125,0.9563949704170227,0.1361677646636963
12,0.8787234425544739,0.2344960868358612,0.9562128186225891,0.13670121133327484
13,0.8797862529754639,0.2345588207244873,0.9546945095062256,0.14182746410369873
14,0.8798773288726807,0.23269592225551605,0.9571237564086914,0.1364322453737259
15,0.8807579278945923,0.23245905339717865,0.9533584117889404,0.13791710138320923
16,0.880423903465271,0.23224768042564392,0.9515972137451172,0.13413898646831512
17,0.8804391026496887,0.22848132252693176,0.9576095938682556,0.1399429589509964
18,0.8799228668212891,0.2313084453344345,0.9560913443565369,0.13890676200389862
19,0.8829897046089172,0.22792421281337738,0.9568808674812317,0.13942787051200867
20,0.8823520541191101,0.22968794405460358,0.9555447697639465,0.13398128747940063
21,0.8805757164955139,0.22834880650043488,0.9559091329574585,0.13818874955177307
22,0.8824735283851624,0.22687755525112152,0.957427442073822,0.13362298905849457
23,0.8820332288742065,0.22827978432178497,0.9578525424003601,0.133405864238739

0,0.5395044684410095,0.8019149899482727,0.5669257640838623,0.627149224281311
1,0.5668478608131409,0.6595221757888794,0.7731689810752869,0.5596832633018494
2,0.6191813945770264,0.6111077070236206,0.7823393940925598,0.49011698365211487
3,0.6617223024368286,0.5729146599769592,0.7839183807373047,0.44610920548439026
4,0.6897185444831848,0.5379423499107361,0.7834932804107666,0.4248899817466736
5,0.711778461933136,0.5111493468284607,0.7876229882240295,0.4070960581302643
6,0.730771541595459,0.48795026540756226,0.8147091269493103,0.38642770051956177
7,0.746166467666626,0.466753214597702,0.8292846083641052,0.36537063121795654
8,0.7588589191436768,0.44989994168281555,0.8451354503631592,0.34486129879951477
9,0.7734794616699219,0.4329790771007538,0.8541236519813538,0.32443633675575256
10,0.7782467603683472,0.42385026812553406,0.8574638366699219,0.3130011558532715
11,0.7899067997932434,0.4097055494785309,0.8686383962631226,0.2982536256313324
12,0.7933683395385742,0.3977539837360382,0.8784768581390381,0.28699931502342224
13,0.7996690273284912,0.3832506835460663,0.881817102432251,0.27488791942596436
14,0.8035860657691956,0.37660202383995056,0.8931130766868591,0.2621653974056244
15,0.8087480664253235,0.3679449260234833,0.8965140581130981,0.2533648908138275
16,0.8115871548652649,0.3640054166316986,0.9079315066337585,0.23910954594612122
17,0.8189961314201355,0.3515985608100891,0.9135187864303589,0.2278871238231659
18,0.8214556574821472,0.34115490317344666,0.9194096922874451,0.21748416125774384
19,0.8235660195350647,0.3405114710330963,0.9240859746932983,0.2092898041009903
20,0.8268150687217712,0.3334822952747345,0.9287623167037964,0.2017517387866974
21,0.8320984840393066,0.32723724842071533,0.9325883388519287,0.19306598603725433
22,0.8318859338760376,0.3198470175266266,0.9338029623031616,0.1877080649137497
23,0.8385054469108582,0.3128182590007782,0.9392687678337097,0.1798364222049713

0,0.9065375328063965,0.1999882608652115,0.9430341124534607,0.1436537355184555
1,0.9433850646018982,0.13318799436092377,0.949471652507782,0.12640105187892914
2,0.9491695165634155,0.12062689661979675,0.9478926062583923,0.12553013861179352
3,0.9515227675437927,0.11470276117324829,0.9562128186225891,0.11515869200229645
4,0.9542707800865173,0.10844846814870834,0.9562128186225891,0.11605185270309448
5,0.9547110795974731,0.10633356124162674,0.9547552466392517,0.11785607784986496
6,0.9561078548431396,0.10463260114192963,0.9568808674812317,0.10976813733577728
7,0.9562748670578003,0.10298758745193481,0.9583991169929504,0.1103953942656517
8,0.95744389295578,0.10106882452964783,0.9605247378349304,0.10639044642448425
9,0.958020806312561,0.09922907501459122,0.9589456915855408,0.11043598502874374
10,0.9586888551712036,0.09883963316679001,0.9550589323043823,0.11485319584608078
11,0.9592657685279846,0.09687725454568863,0.9587635397911072,0.11198239773511887
12,0.958734393119812,0.0973845049738884,0.9619215130805969,0.10304330289363861
13,0.9590076804161072,0.09633638709783554,0.9596137404441833,0.10858993977308273
14,0.9599793553352356,0.09434427320957184,0.9600388407707214,0.10514909029006958
15,0.9605410695075989,0.0932343378663063,0.9583991169929504,0.11162903904914856

0,0.8429235219955444,0.3216590881347656,0.9100570678710938,0.1946037858724594
1,0.9264567494392395,0.16855020821094513,0.9305235147476196,0.16557526588439941
2,0.9404397010803223,0.14428648352622986,0.9456455707550049,0.1475067138671875
3,0.9452221393585205,0.13325773179531097,0.9457670450210571,0.13986526429653168
4,0.9482889771461487,0.1258779764175415,0.9446738958358765,0.1397905796766281
5,0.9516746401786804,0.12088890373706818,0.9539657235145569,0.13032226264476776
6,0.9529651403427124,0.1175878718495369,0.9546337723731995,0.1278882920742035
7,0.9540430307388306,0.11494027823209763,0.9554232954978943,0.12477615475654602
8,0.9551817178726196,0.1127132922410965,0.9541479349136353,0.12832409143447876
9,0.9558042287826538,0.110969178378582,0.957427442073822,0.12163728475570679
10,0.9559256434440613,0.1096552312374115,0.9564557075500488,0.12140566110610962
11,0.9567151665687561,0.10828404873609543,0.9556662440299988,0.12564854323863983
12,0.9574590921401978,0.10777027159929276,0.9582169055938721,0.12077601253986359
13,0.9577019810676575,0.10606765747070312,0.9564557075500488,0.12456948310136795
14,0.9586888551712036,0.1047164648771286,0.9585813283920288,0.12065114825963974
15,0.9586129188537598,0.10455303639173508,0.9570022821426392,0.12113600969314575

0,0.9103938341140747,0.19099795818328857,0.9339244365692139,0.15564937889575958
1,0.9445844888687134,0.12964148819446564,0.9418802261352539,0.12883543968200684
2,0.9489417672157288,0.12022881954908371,0.9457670450210571,0.12626710534095764
3,0.951856791973114,0.1128658875823021,0.9458277821540833,0.12744617462158203
4,0.9531169533729553,0.10929100960493088,0.9551803469657898,0.11117751896381378
5,0.9551969170570374,0.10630302131175995,0.9558483958244324,0.11157362908124924
6,0.9559105038642883,0.10400748252868652,0.9489858150482178,0.11867110431194305
7,0.956153392791748,0.1026085913181305,0.9567593932151794,0.1089036837220192
8,0.9573224186897278,0.1014719307422638,0.9555447697639465,0.1126222237944603
9,0.9574286937713623,0.09944582730531693,0.9599781632423401,0.10631826519966125
10,0.9584459066390991,0.09857625514268875,0.957791805267334,0.10923762619495392
11,0.9591898918151855,0.09759966284036636,0.959917426109314,0.10355856269598007
12,0.9596453309059143,0.09648170322179794,0.9600388407707214,0.10264984518289566
13,0.9594327807426453,0.09650365263223648,0.9536013603210449,0.11378103494644165
14,0.9602981805801392,0.09535454958677292,0.9624680876731873,0.10465254634618759
15,0.960586667060852,0.09422258287668228,0.9569416046142578,0.1092219278216362
16,0.9605259299278259,0.09334614872932434,0.9622859358787537,0.10240104794502258
17,0.9616038799285889,0.09207916259765625,0.9606461524963379,0.11038870364427567
18,0.9612394571304321,0.09132721275091171,0.9611320495605469,0.10744249075651169
19,0.9617708921432495,0.09081794321537018,0.9624680876731873,0.1045331358909607
20,0.9621504545211792,0.09031699597835541,0.9633183479309082,0.10168293863534927
21,0.9616494178771973,0.08986260741949081,0.9611320495605469,0.1045808419585228
22,0.9624844193458557,0.08882101625204086,0.9619215130805969,0.10460534691810608
23,0.9622718691825867,0.08903461694717407,0.9630753993988037,0.10733316093683243

0,0.8310357332229614,0.4211691617965698,0.8931738138198853,0.2346978634595871
1,0.9084656834602356,0.1982692927122116,0.9215959906578064,0.17909231781959534
2,0.9269577860832214,0.16606111824512482,0.930705726146698,0.16291674971580505
3,0.9373728632926941,0.1493891477584839,0.937386155128479,0.15320605039596558
4,0.944053053855896,0.1389703005552292,0.9464350938796997,0.14192922413349152
5,0.9477879405021667,0.1325286328792572,0.9504433274269104,0.13819748163223267
6,0.9499438405036926,0.1273982971906662,0.950747013092041,0.13371168076992035
7,0.9519782662391663,0.12350134551525116,0.949836015701294,0.134739488363266
8,0.9529954791069031,0.12082411348819733,0.9530547857284546,0.12869539856910706
9,0.9533750414848328,0.11821167916059494,0.9497145414352417,0.13284045457839966
10,0.9542707800865173,0.11686206609010696,0.9551196694374084,0.12485048174858093
11,0.955014705657959,0.11479794979095459,0.9474675059318542,0.13529373705387115
12,0.9556372165679932,0.11379499733448029,0.9539657235145569,0.12705297768115997
13,0.9560015797615051,0.11223950237035751,0.9547552466392517,0.12502801418304443
14,0.956730306148529,0.11097345501184464,0.9562128186225891,0.12067753821611404
15,0.9567759037017822,0.10962919145822525,0.9538443088531494,0.1267494112253189
16,0.9574135541915894,0.10842584073543549,0.9543301463127136,0.12232500314712524
17,0.9578386545181274,0.1071421429514885,0.955301821231842,0.12012441456317902
18,0.9575046300888062,0.1059422641992569,0.9573059678077698,0.11716653406620026
19,0.9584003686904907,0.10452509671449661,0.9598566889762878,0.11513059586286545
20,0.9583852291107178,0.10402818769216537,0.9594922661781311,0.11412782222032547
21,0.9584915041923523,0.10281559079885483,0.9581562280654907,0.11549109220504761
22,0.9597820043563843,0.10207986831665039,0.9585205912590027,0.1161884292960167
23,0.9594783186912537,0.1012076810002327,0.9607676267623901,0.11283950507640839

0,0.6843287944793701,0.5341606736183167,0.8945099115371704,0.22176513075828552
1,0.809066891670227,0.32849442958831787,0.9175877571105957,0.20160625874996185
2,0.8432119488716125,0.2934160828590393,0.9320417642593384,0.17118848860263824
3,0.8574378490447998,0.2705134153366089,0.9426090121269226,0.15717139840126038
4,0.8654844760894775,0.2625197768211365,0.9489858150482178,0.15587618947029114
5,0.8687638640403748,0.25830158591270447,0.9493501782417297,0.14153683185577393
6,0.8722102642059326,0.2459898442029953,0.9487428665161133,0.1439610719680786
7,0.8740776777267456,0.24534395337104797,0.9510506391525269,0.14612099528312683
8,0.8751404285430908,0.24121205508708954,0.9506862759590149,0.13886438310146332
9,0.876552402973175,0.2402055710554123,0.9537835717201233,0.14110992848873138
10,0.8756414651870728,0.2404196411371231,0.9510506391525269,0.14557099342346191
11,0.8760210275650024,0.23640626668930054,0.9529333114624023,0.14433786273002625
12,0.8776606917381287,0.23517456650733948,0.953236997127533,0.14418894052505493
13,0.8789056539535522,0.23201601207256317,0.9535406231880188,0.1471981704235077
14,0.8787083029747009,0.2313217967748642,0.9492894411087036,0.15380406379699707
15,0.878556489944458,0.23236419260501862,0.9559698700904846,0.1495952010154724

0,0.5464428067207336,0.7094383239746094,0.7561641931533813,0.6254674792289734
1,0.6159626841545105,0.6143282055854797,0.7701930999755859,0.5191181302070618
2,0.6793186068534851,0.5622832179069519,0.7828859686851501,0.47153419256210327
3,0.7105334997177124,0.5298565030097961,0.7848900556564331,0.4475181996822357
4,0.7295266389846802,0.5038414001464844,0.7849507927894592,0.4379374086856842
5,0.7502201199531555,0.48508456349372864,0.7856795787811279,0.43082964420318604
6,0.7693043351173401,0.4629487097263336,0.7997692227363586,0.41463416814804077
7,0.788722574710846,0.44286420941352844,0.8173812627792358,0.39564794301986694
8,0.8052257895469666,0.41916489601135254,0.8390623331069946,0.3680744767189026
9,0.8180396556854248,0.40321576595306396,0.8517551422119141,0.3496871292591095
10,0.8306561708450317,0.383833646774292,0.8765334486961365,0.32052356004714966
11,0.8426046967506409,0.3673956096172333,0.8802987933158875,0.3101379871368408
12,0.8506057858467102,0.35625436902046204,0.888861894607544,0.2974049150943756
13,0.8543558120727539,0.347110390663147,0.8920806646347046,0.28875139355659485
14,0.8593356013298035,0.33770254254341125,0.8903802037239075,0.2877061367034912
15,0.8675644397735596,0.32351890206336975,0.8996112942695618,0.27545782923698425

0,0.6214891076087952,0.6393010020256042,0.8462285995483398,0.29223817586898804
1,0.7884492874145508,0.3802667260169983,0.8949957489967346,0.20802928507328033
2,0.8332827091217041,0.3152748644351959,0.9247540235519409,0.17298531532287598
3,0.8477211594581604,0.28903767466545105,0.9276084303855896,0.16964726150035858
4,0.857923686504364,0.27353280782699585,0.9386614561080933,0.15415902435779572
5,0.8621140122413635,0.26675090193748474,0.9446738958358765,0.14275653660297394
6,0.8656362891197205,0.26444151997566223,0.9463743567466736,0.14042004942893982
7,0.8674429655075073,0.25552576780319214,0.9512935876846313,0.132374569773674
8,0.867959201335907,0.25561103224754333,0.9420624375343323,0.13686861097812653
9,0.8694925904273987,0.2525307834148407,0.9477711915969849,0.13660560548305511
10,0.8681262135505676,0.24956867098808289,0.9427304863929749,0.1400236338376999
11,0.8732578158378601,0.24864783883094788,0.9543908834457397,0.13338343799114227
12,0.8739714026451111,0.2448757141828537,0.9552410840988159,0.12785013020038605
13,0.8749278783798218,0.24390725791454315,0.953662097454071,0.12453246116638184
14,0.8780402541160583,0.24029159545898438,0.918134331703186,0.16117015480995178
15,0.8790271282196045,0.23798717558383942,0.956152081489563,0.12364725023508072
16,0.8770685791969299,0.23819109797477722,0.9552410840988159,0.1246568039059639
17,0.8763094544410706,0.23751457035541534,0.9556662440299988,0.12612150609493256
18,0.8786779046058655,0.23559893667697906,0.9573059678077698,0.12427857518196106
19,0.8801354169845581,0.23385369777679443,0.952751100063324,0.12822948396205902
20,0.8821091055870056,0.23055784404277802,0.9583991169929504,0.11881381273269653
21,0.8798165917396545,0.23409080505371094,0.9582169055938721,0.11867717653512955
22,0.881000816822052,0.23266997933387756,0.9566379189491272,0.12430769205093384
23,0.8813803791999817,0.23173122107982635,0.9484999179840088,0.13166901469230652

0,0.547429621219635,0.7544492483139038,0.5733025670051575,0.6475034356117249
1,0.5627789497375488,0.6526603102684021,0.664156436920166,0.5686399936676025
2,0.618073046207428,0.6029806733131409,0.7824608087539673,0.5018581748008728
3,0.674946129322052,0.5550103187561035,0.7982509136199951,0.43228426575660706
4,0.7185497879981995,0.5089656114578247,0.8315923810005188,0.37697410583496094
5,0.7550936937332153,0.4626253843307495,0.8515121936798096,0.33771562576293945
6,0.778550386428833,0.4303863048553467,0.8595287203788757,0.3099393844604492
7,0.7979534268379211,0.4062211215496063,0.8748937249183655,0.2872442305088043
8,0.8136215806007385,0.3860582709312439,0.8818777799606323,0.27406442165374756
9,0.8259496688842773,0.3696625530719757,0.8855823874473572,0.26060983538627625
10,0.8353323340415955,0.35694319009780884,0.8985181450843811,0.2494974583387375
11,0.8419973850250244,0.3504093289375305,0.9000364542007446,0.24204318225383759
12,0.8480551242828369,0.3336486518383026,0.9054415225982666,0.23225137591362
13,0.8526402115821838,0.330445259809494,0.911453902721405,0.22281993925571442
14,0.8584398627281189,0.31606003642082214,0.9164338707923889,0.21515563130378723
15,0.8613396883010864,0.31006675958633423,0.924389660358429,0.20602922141551971
16,0.8664257526397705,0.30259519815444946,0.9288230538368225,0.2004489302635193
17,0.8712081909179688,0.2939443290233612,0.9334993362426758,0.19646692276000977
18,0.874472439289093,0.28825461864471436,0.9345924854278564,0.1927109956741333
19,0.8788449168205261,0.28204697370529175,0.9413943886756897,0.18788118660449982
20,0.8820028305053711,0.2855715751647949,0.9466172456741333,0.18519097566604614
21,0.8851759433746338,0.2706429660320282,0.9452812075614929,0.1817859411239624
22,0.8852670788764954,0.26804405450820923,0.9464958310127258,0.18395653367042542
23,0.8888197541236877,0.2636793553829193,0.9469209313392639,0.18046167492866516

0,0.9032884836196899,0.20665879547595978,0.9397546648979187,0.15545128285884857
1,0.9425956010818481,0.13490383327007294,0.9492894411087036,0.12914340198040009
2,0.9491543173789978,0.12114826589822769,0.9489858150482178,0.13289539515972137
3,0.9520997405052185,0.11435624957084656,0.9505040645599365,0.13057449460029602
4,0.9537849426269531,0.11048566550016403,0.9560306072235107,0.12315673381090164
5,0.954650342464447,0.10805150866508484,0.9543908834457397,0.12314185500144958
6,0.9568973183631897,0.10403475165367126,0.9520830512046814,0.1289089471101761
7,0.9564570784568787,0.10324453562498093,0.954512357711792,0.1257411539554596
8,0.957368016242981,0.1013198047876358,0.9591279029846191,0.11782968789339066
9,0.9582789540290833,0.09962201118469238,0.954026460647583,0.13094890117645264
10,0.9584155678749084,0.09909866005182266,0.9559091329574585,0.12654124200344086
11,0.9585066437721252,0.09813576191663742,0.9580954909324646,0.12077163904905319
12,0.9582789540290833,0.09722676128149033,0.9602210521697998,0.11896224319934845
13,0.9603285193443298,0.09504434466362,0.959431529045105,0.12214125692844391
14,0.959660530090332,0.09610506147146225,0.9609498381614685,0.11932718753814697
15,0.960374116897583,0.09506680816411972,0.9609498381614685,0.11913036555051804

0,0.8012024164199829,0.46347537636756897,0.8735576272010803,0.30741578340530396
1,0.8837032914161682,0.25979381799697876,0.899368405342102,0.23042032122612
2,0.9032581448554993,0.20856818556785583,0.911818265914917,0.20019926130771637
3,0.9140375852584839,0.18363672494888306,0.9224462509155273,0.1828351616859436
4,0.9243311882019043,0.1675182729959488,0.9299769401550293,0.17062875628471375
5,0.9334558248519897,0.15539267659187317,0.9342281222343445,0.15973304212093353
6,0.940105676651001,0.14595721662044525,0.9370217323303223,0.15401603281497955
7,0.9434002637863159,0.13945461809635162,0.9432770609855652,0.14825439453125
8,0.946983277797699,0.13415269553661346,0.9503218531608582,0.14415961503982544
9,0.9485622048377991,0.1306130588054657,0.9497752785682678,0.1386498361825943
10,0.9498375654220581,0.1276094913482666,0.9514757394790649,0.13709856569766998
11,0.951492428779602,0.1252063661813736,0.9500182271003723,0.13663184642791748
12,0.9522970914840698,0.12308855354785919,0.952751100063324,0.13281263411045074
13,0.9532080292701721,0.12124855816364288,0.9541479349136353,0.13225901126861572
14,0.9543467164039612,0.11965867877006531,0.9506255388259888,0.1360693871974945
15,0.9549539685249329,0.11806385219097137,0.9538443088531494,0.13024063408374786

0,0.9053988456726074,0.20231495797634125,0.9262723326683044,0.16558918356895447
1,0.943612813949585,0.13258357346057892,0.9448560476303101,0.13356280326843262
2,0.9471198916435242,0.12293358892202377,0.9369609951972961,0.15191087126731873
3,0.9503689408302307,0.11713697016239166,0.9542086720466614,0.11696257442235947
4,0.9518415927886963,0.11455360054969788,0.9531762599945068,0.11373835057020187
5,0.953936755657196,0.1103346198797226,0.9560306072235107,0.11114958673715591
6,0.9555309414863586,0.10654652863740921,0.9529333114624023,0.11525631695985794
7,0.9554398059844971,0.10662234574556351,0.9573059678077698,0.11133105307817459
8,0.9563963413238525,0.10356820374727249,0.9588849544525146,0.1061260774731636
9,0.956866979598999,0.10231683403253555,0.959917426109314,0.1024414449930191
10,0.9582030177116394,0.10004302859306335,0.9521437883377075,0.11900114268064499
11,0.9574894309043884,0.10000280290842056,0.9568808674812317,0.10648713260889053
12,0.9587495923042297,0.09863239526748657,0.9588849544525146,0.10825425386428833
13,0.9586585164070129,0.09838570654392242,0.9596744775772095,0.10352939367294312
14,0.9597820043563843,0.09751367568969727,0.9581562280654907,0.10906093567609787
15,0.9594935178756714,0.09573306888341904,0.9593101143836975,0.1027088388800621
16,0.9604196548461914,0.09430112689733505,0.9604640007019043,0.10037942975759506
17,0.9597060680389404,0.0947161316871643,0.961192786693573,0.09931357949972153
18,0.9611787796020508,0.09410692006349564,0.9570022821426392,0.11157579720020294
19,0.9614064693450928,0.09314724802970886,0.9622859358787537,0.09660877287387848
20,0.9612091183662415,0.09213622659444809,0.9627717733383179,0.09712095558643341
21,0.9620137810707092,0.09144189953804016,0.9576703310012817,0.10176656395196915
22,0.9619530439376831,0.09179124236106873,0.9587635397911072,0.1033099815249443
23,0.9619227051734924,0.09120158851146698,0.9576095938682556,0.10755743831396103

0,0.7812376618385315,0.45050838589668274,0.8482934236526489,0.290479838848114
1,0.8828226923942566,0.24250951409339905,0.9075670838356018,0.20920762419700623
2,0.9132481217384338,0.18852271139621735,0.9257864952087402,0.17903026938438416
3,0.9305711388587952,0.1630927175283432,0.9345924854278564,0.16597892343997955
4,0.9398475885391235,0.1478634774684906,0.9447953104972839,0.152883380651474
5,0.9455713033676147,0.13783323764801025,0.94698166847229,0.14860624074935913
6,0.9485470652580261,0.13084405660629272,0.9508684277534485,0.14286376535892487
7,0.9513254165649414,0.12564775347709656,0.9537228345870972,0.14055952429771423
8,0.9526766538619995,0.12157754600048065,0.9528118371963501,0.13875286281108856
9,0.954437792301178,0.11814969033002853,0.9557269811630249,0.1348041296005249
10,0.9545592665672302,0.116007000207901,0.956152081489563,0.13327567279338837
11,0.9553487300872803,0.11392169445753098,0.9549981951713562,0.1307571530342102
12,0.9559712409973145,0.11145612597465515,0.9582776427268982,0.12878456711769104
13,0.9569428563117981,0.10981733351945877,0.9564557075500488,0.12862230837345123
14,0.9569580554962158,0.10865236073732376,0.9574881792068481,0.12786638736724854
15,0.9579145312309265,0.10678913444280624,0.9585205912590027,0.1270734816789627
16,0.958871066570282,0.10585034638643265,0.9588242173194885,0.12467639893293381
17,0.9585522413253784,0.10430064797401428,0.9579740166664124,0.12356552481651306
18,0.9584763050079346,0.10365552455186844,0.9579132795333862,0.12322783470153809
19,0.958946943283081,0.10237646102905273,0.9572452306747437,0.12750191986560822
20,0.9595238566398621,0.10118360817432404,0.9593101143836975,0.12172157317399979
21,0.9597060680389404,0.10053401440382004,0.9562128186225891,0.12528333067893982
22,0.9598882794380188,0.10036538541316986,0.9594922661781311,0.11993386596441269
23,0.9597971439361572,0.09957601875066757,0.9605247378349304,0.11993762105703354

0,0.7020313739776611,0.5333901643753052,0.8267338871955872,0.35761383175849915
1,0.8291531205177307,0.36669060587882996,0.907688558101654,0.2221674621105194
2,0.8627820014953613,0.3046985864639282,0.9207457900047302,0.2004508227109909
3,0.8766434788703918,0.2769625782966614,0.9364751577377319,0.17209365963935852
4,0.8868612051010132,0.25970491766929626,0.9399368166923523,0.16912499070167542
5,0.8909149169921875,0.24981099367141724,0.9471031427383423,0.1646525263786316
6,0.8974584937095642,0.24086691439151764,0.9484999179840088,0.16868960857391357
7,0.8969271183013916,0.24107345938682556,0.9481355547904968,0.1715647429227829
8,0.9013755321502686,0.23197872936725616,0.9477711915969849,0.17502903938293457
9,0.9023623466491699,0.22926829755306244,0.9519008994102478,0.17461396753787994
10,0.9036528468132019,0.23052336275577545,0.9546945095062256,0.16888000071048737
11,0.902347207069397,0.23249296844005585,0.9528725743293762,0.15454158186912537
12,0.9052014946937561,0.22584499418735504,0.9547552466392517,0.1616029441356659
13,0.9045182466506958,0.22615370154380798,0.9540871977806091,0.16231298446655273
14,0.9079191088676453,0.22002391517162323,0.9570022821426392,0.1670752316713333
15,0.9084656834602356,0.22118821740150452,0.9540871977806091,0.1698811799287796

0,0.5478699207305908,0.7152012586593628,0.720089852809906,0.6043364405632019
1,0.6043482422828674,0.6257345080375671,0.762298047542572,0.5298265814781189
2,0.6555734276771545,0.58114093542099,0.7776023149490356,0.4765681028366089
3,0.6968693733215332,0.5449793934822083,0.7824000716209412,0.45197930932044983
4,0.7269911766052246,0.5135782361030579,0.8064496517181396,0.43395572900772095
5,0.7487626671791077,0.4893406927585602,0.8213288187980652,0.4159669876098633
6,0.7680138349533081,0.4693409204483032,0.8307421207427979,0.3959313631057739
7,0.7838186621665955,0.4494141638278961,0.8391230702400208,0.3818492293357849
8,0.8022348284721375,0.4287380576133728,0.8461071252822876,0.3693423569202423
9,0.8126043677330017,0.41681933403015137,0.8556419014930725,0.356427401304245
10,0.8237330317497253,0.400375097990036,0.8688206076622009,0.34041520953178406
11,0.8329031467437744,0.38872745633125305,0.8696708083152771,0.3334135115146637
12,0.839735209941864,0.37181583046913147,0.8764119744300842,0.3191583752632141
13,0.84532231092453,0.36544203758239746,0.8773229718208313,0.31400880217552185
14,0.8506513237953186,0.3559001386165619,0.8810883164405823,0.3056803345680237
15,0.8544924259185791,0.35047534108161926,0.888497531414032,0.296288400888443

0,0.6770108938217163,0.5868444442749023,0.7842827439308167,0.43095821142196655
1,0.7912580370903015,0.42630794644355774,0.881817102432251,0.3051010072231293
2,0.8433486223220825,0.33955517411231995,0.8997935056686401,0.23495443165302277
3,0.8638296127319336,0.30479729175567627,0.9025871753692627,0.19627809524536133
4,0.8752922415733337,0.2802756726741791,0.9304020404815674,0.1805589497089386
5,0.8867852687835693,0.25951507687568665,0.928215742111206,0.18094535171985626
6,0.8936932682991028,0.24956685304641724,0.9445524215698242,0.1583116352558136
7,0.895682156085968,0.246754989027977,0.9446738958358765,0.1513015180826187
8,0.8976710438728333,0.24015329778194427,0.9498967528343201,0.15029431879520416
9,0.8996143937110901,0.2382187694311142,0.9508684277534485,0.14943623542785645
10,0.9017246961593628,0.23551972210407257,0.9462528824806213,0.14970120787620544
11,0.901269257068634,0.23255495727062225,0.9452204704284668,0.15869317948818207
12,0.9008137583732605,0.23230013251304626,0.9425482749938965,0.1692538857460022
13,0.9050800204277039,0.22702333331108093,0.9485606551170349,0.14879870414733887
14,0.9054747223854065,0.22975163161754608,0.9499574899673462,0.1460798978805542
15,0.902924120426178,0.22836005687713623,0.950261116027832,0.14900246262550354
16,0.9055506587028503,0.22352638840675354,0.954512357711792,0.14417746663093567
17,0.9072966575622559,0.2228526622056961,0.9544516205787659,0.13637639582157135
18,0.9044575095176697,0.22617849707603455,0.9525082111358643,0.1384614259004593
19,0.90593022108078,0.22572682797908783,0.9420624375343323,0.1519443392753601
20,0.9057936072349548,0.22278493642807007,0.9539657235145569,0.13981272280216217
21,0.9067045450210571,0.22028961777687073,0.9543301463127136,0.14267168939113617
22,0.9070233702659607,0.2213040590286255,0.9539050459861755,0.13860082626342773
23,0.9076154828071594,0.22208227217197418,0.9503218531608582,0.13931868970394135

0,0.5316247940063477,0.8241894245147705,0.5518644452095032,0.6894789934158325
1,0.548355758190155,0.709594190120697,0.5536863803863525,0.6832256317138672
2,0.548355758190155,0.6775342226028442,0.5536863803863525,0.6618885397911072
3,0.5521057844161987,0.6519678235054016,0.5536863803863525,0.6024858355522156
4,0.568274974822998,0.6233699321746826,0.7704967856407166,0.520776093006134
5,0.6388728618621826,0.5899769067764282,0.7799708247184753,0.4814450144767761
6,0.667506754398346,0.566180944442749,0.7830681204795837,0.4612041413784027
7,0.6904017329216003,0.5491015315055847,0.7908417582511902,0.44886085391044617
8,0.7065405249595642,0.5298622250556946,0.8085752725601196,0.43716520071029663
9,0.721100389957428,0.5162951350212097,0.8145269155502319,0.42733973264694214
10,0.7286005020141602,0.5057892203330994,0.8193246722221375,0.4190344214439392
11,0.7393192052841187,0.49299344420433044,0.8255192637443542,0.4097329378128052
12,0.74861079454422,0.48516762256622314,0.8380905985832214,0.3963826596736908
13,0.7586007714271545,0.474325567483902,0.8487793207168579,0.3846034109592438
14,0.7639145851135254,0.46514326333999634,0.8606218695640564,0.37161388993263245
15,0.7735098600387573,0.4513770639896393,0.8697922825813293,0.3461257815361023
16,0.7814957499504089,0.4324856102466583,0.87592613697052,0.3248319625854492
17,0.7904837131500244,0.4166881740093231,0.8846714496612549,0.31176871061325073
18,0.7938389778137207,0.40985584259033203,0.891412615776062,0.30006927251815796
19,0.8010658025741577,0.39340901374816895,0.8970606327056885,0.2902517318725586
20,0.804056704044342,0.38719236850738525,0.9032551646232605,0.2785888910293579
21,0.8071994781494141,0.3775612711906433,0.9065954089164734,0.2702373266220093
22,0.8143199682235718,0.3682684600353241,0.9088424444198608,0.2637794017791748
23,0.8144262433052063,0.3639415204524994,0.9144904613494873,0.25170812010765076

0,0.9194273352622986,0.17555198073387146,0.9435200095176697,0.13943901658058167
1,0.9434154033660889,0.1306261569261551,0.9435200095176697,0.13317608833312988
2,0.9483193159103394,0.12032686918973923,0.9438843727111816,0.1310999095439911
3,0.9507788419723511,0.11513698846101761,0.9556662440299988,0.11362668126821518
4,0.9531320929527283,0.11012688279151917,0.9563342928886414,0.1120569109916687
5,0.9540886282920837,0.10818248987197876,0.9579740166664124,0.1105366051197052
6,0.9558497667312622,0.10599198192358017,0.9581562280654907,0.11140137165784836
7,0.9557890295982361,0.10415973514318466,0.9556662440299988,0.11840937286615372
8,0.9567607045173645,0.10278668254613876,0.9610713124275208,0.10605210810899734
9,0.9578234553337097,0.10033006966114044,0.9589456915855408,0.10738178342580795
10,0.9577323794364929,0.1000732034444809,0.9608891010284424,0.10683256387710571
11,0.9578841924667358,0.09863552451133728,0.9569416046142578,0.11058277636766434
12,0.9587647914886475,0.09780631214380264,0.9591886401176453,0.10432696342468262
13,0.9588862061500549,0.09627729654312134,0.9610105752944946,0.10657079517841339
14,0.959235429763794,0.09473951905965805,0.9597352147102356,0.10847839713096619
15,0.9598730802536011,0.09438063949346542,0.9624680876731873,0.10177399218082428

0,0.8728782534599304,0.26678112149238586,0.9262115955352783,0.17897973954677582
1,0.931937575340271,0.16253548860549927,0.9397546648979187,0.15389887988567352
2,0.9416542649269104,0.1447315514087677,0.9399368166923523,0.14980222284793854
3,0.9459508657455444,0.13635119795799255,0.9480140805244446,0.13765807449817657
4,0.9481523036956787,0.1307363361120224,0.9562735557556152,0.1322275549173355
5,0.9499134421348572,0.12663576006889343,0.9526296854019165,0.13045959174633026
6,0.950930655002594,0.1241690143942833,0.952751100063324,0.12887130677700043
7,0.951279878616333,0.12028314173221588,0.9553625583648682,0.12437619268894196
8,0.9524944424629211,0.11769907921552658,0.9564557075500488,0.1214943453669548
9,0.9536179304122925,0.11553465574979782,0.9457670450210571,0.13603860139846802
10,0.9542859792709351,0.11336240917444229,0.9557269811630249,0.11817102879285812
11,0.9536331295967102,0.11241034418344498,0.9548159837722778,0.12124427407979965
12,0.9548628926277161,0.11110194027423859,0.9585813283920288,0.11814176291227341
13,0.9552879929542542,0.11064483225345612,0.9582776427268982,0.11580812931060791
14,0.9562293291091919,0.10933613032102585,0.952751100063324,0.12223531305789948
15,0.9558193683624268,0.1085573360323906,0.9594922661781311,0.11221720278263092

0,0.9156773090362549,0.17906436324119568,0.9437021613121033,0.13932472467422485
1,0.9442200660705566,0.12932118773460388,0.9490464925765991,0.12706001102924347
2,0.9483345150947571,0.11973720043897629,0.9445524215698242,0.13163350522518158
3,0.951143205165863,0.11391938477754593,0.9317381381988525,0.14536245167255402
4,0.9536938667297363,0.10968213528394699,0.9472245573997498,0.13343751430511475
5,0.9550299048423767,0.10625074803829193,0.9536013603210449,0.12409145385026932
6,0.9554854035377502,0.10559175908565521,0.9579740166664124,0.11397983133792877
7,0.9569428563117981,0.10376300662755966,0.9602817893028259,0.10893669724464417
8,0.9579145312309265,0.10053669661283493,0.9556662440299988,0.11996850371360779
9,0.9579752683639526,0.09950711578130722,0.9549981951713562,0.12169858068227768
10,0.9589014053344727,0.09790810197591782,0.9627717733383179,0.10930873453617096
11,0.9588254690170288,0.0971849337220192,0.9623466730117798,0.1158544197678566
12,0.9597668051719666,0.09569455683231354,0.9593101143836975,0.12197040021419525
13,0.9602071046829224,0.09483958780765533,0.964472234249115,0.1136486753821373
14,0.9605562686920166,0.09461519122123718,0.9604032635688782,0.11569312959909439
15,0.9613305926322937,0.09321834146976471,0.9620429873466492,0.1155942901968956
16,0.9615734815597534,0.09225139766931534,0.9646544456481934,0.10915417224168777
17,0.9617860317230225,0.09136133641004562,0.9639256596565247,0.11353981494903564
18,0.9628488421440125,0.09037210792303085,0.9602210521697998,0.1262611299753189
19,0.9623022675514221,0.08983749896287918,0.9567593932151794,0.12520888447761536
20,0.963167667388916,0.0888182520866394,0.9635612964630127,0.12067306041717529
21,0.9632890820503235,0.08819682896137238,0.9614964127540588,0.11750035732984543
22,0.9637901186943054,0.08782314509153366,0.9652010202407837,0.11274895817041397
23,0.9635168313980103,0.08693303912878036,0.9629539847373962,0.1247144490480423

0,0.877842903137207,0.24568048119544983,0.9204421043395996,0.17528435587882996
1,0.9320135116577148,0.1578742265701294,0.9415766000747681,0.1435854732990265
2,0.945115864276886,0.13609668612480164,0.9531762599945068,0.12894123792648315
3,0.9488354921340942,0.12747575342655182,0.952751100063324,0.1252504587173462
4,0.9506270289421082,0.12288258969783783,0.9441879987716675,0.13712570071220398
5,0.9531776905059814,0.11834324151277542,0.950261116027832,0.12430364638566971
6,0.952934741973877,0.11607212573289871,0.9572452306747437,0.1159653589129448
7,0.9543163180351257,0.11383432894945145,0.9589456915855408,0.11466901004314423
8,0.9543011784553528,0.11245580017566681,0.952386736869812,0.12128399312496185
9,0.9554094672203064,0.11090007424354553,0.9539050459861755,0.11869996786117554
10,0.9552879929542542,0.10946904122829437,0.9572452306747437,0.11430846154689789
11,0.9563356041908264,0.10798794776201248,0.9506255388259888,0.12188490480184555
12,0.9563811421394348,0.10687173157930374,0.9505040645599365,0.12387197464704514
13,0.9563963413238525,0.10627072304487228,0.9557876586914062,0.11301904916763306
14,0.9573072791099548,0.10499467700719833,0.9600995779037476,0.10811635851860046
15,0.956866979598999,0.10497267544269562,0.9593708515167236,0.10885589569807053
16,0.9578993916511536,0.10395241528749466,0.959067165851593,0.11056632548570633
17,0.9572920799255371,0.10398340225219727,0.9591886401176453,0.10848041623830795
18,0.9575653672218323,0.10310851782560349,0.9555447697639465,0.11397955566644669
19,0.9571402668952942,0.10299494862556458,0.9602817893028259,0.10751871764659882
20,0.9578689932823181,0.10226276516914368,0.9574881792068481,0.11065033078193665
21,0.9577171802520752,0.10191439837217331,0.9586420655250549,0.11217952519655228
22,0.957793116569519,0.10139766335487366,0.9597959518432617,0.10666253417730331
23,0.9586129188537598,0.10094340145587921,0.9598566889762878,0.1073770746588707

0,0.8035557270050049,0.4124465584754944,0.880055844783783,0.23555566370487213
1,0.874836802482605,0.28371763229370117,0.925665020942688,0.17485423386096954
2,0.8962742686271667,0.247641921043396,0.9393295049667358,0.16597704589366913
3,0.9081164598464966,0.22609765827655792,0.9325883388519287,0.16042403876781464
4,0.9137035608291626,0.21595022082328796,0.9454633593559265,0.1478591114282608
5,0.9188504219055176,0.20830567181110382,0.9506862759590149,0.1469939947128296
6,0.9212795495986938,0.19856254756450653,0.9466172456741333,0.1456475555896759
7,0.9222360253334045,0.1942920833826065,0.9491072297096252,0.1469743549823761
8,0.9231014251708984,0.18958570063114166,0.9506862759590149,0.14938966929912567
9,0.925636887550354,0.18555426597595215,0.9457670450210571,0.15029650926589966
10,0.926350474357605,0.1848420947790146,0.9515972137451172,0.14605504274368286
11,0.9270488619804382,0.18297988176345825,0.950747013092041,0.14604498445987701
12,0.9283393621444702,0.18172721564769745,0.9516579508781433,0.1450493484735489
13,0.9277624487876892,0.17838191986083984,0.9544516205787659,0.14583885669708252
14,0.9293110370635986,0.1758933961391449,0.9505648016929626,0.14846982061862946
15,0.9304952621459961,0.17327819764614105,0.9506255388259888,0.1498141884803772

0,0.6561655402183533,0.7002992630004883,0.7819749712944031,0.42243698239326477
1,0.740427553653717,0.5074719786643982,0.8201749324798584,0.3657255172729492
2,0.7884340882301331,0.437650591135025,0.8661484122276306,0.30929937958717346
3,0.8182825446128845,0.40239661931991577,0.8767156600952148,0.2878205478191376
4,0.8373819589614868,0.37069058418273926,0.8837604522705078,0.2741806209087372
5,0.8502565622329712,0.3500325381755829,0.8819385170936584,0.2715916931629181
6,0.8585764765739441,0.3330785632133484,0.8958460092544556,0.2566687762737274
7,0.8672760128974915,0.32039329409599304,0.9045305252075195,0.24017366766929626
8,0.8742142915725708,0.3037711977958679,0.9061703085899353,0.23322488367557526
9,0.8790878653526306,0.29925811290740967,0.9106643795967102,0.22831419110298157
10,0.8816384673118591,0.29042473435401917,0.9177699685096741,0.21668434143066406
11,0.8839461803436279,0.28850090503692627,0.918984591960907,0.21293175220489502
12,0.8886071443557739,0.27838823199272156,0.9184380173683167,0.2118518352508545
13,0.8898065686225891,0.2736080586910248,0.9246932864189148,0.20107650756835938
14,0.8945282697677612,0.2645828425884247,0.9223855137825012,0.20219719409942627
15,0.8948774933815002,0.2630850672721863,0.9228106141090393,0.19587400555610657

0,0.7884037494659424,0.4754805266857147,0.9099963307380676,0.1961173415184021
1,0.873546302318573,0.2897086441516876,0.9220211505889893,0.17858776450157166
2,0.8884705305099487,0.26369398832321167,0.9361715316772461,0.15860344469547272
3,0.9011477828025818,0.24265602231025696,0.9400582909584045,0.15684829652309418
4,0.9059454202651978,0.23339121043682098,0.9462528824806213,0.14799214899539948
5,0.9115932583808899,0.22228926420211792,0.9489250779151917,0.14348873496055603
6,0.9139313101768494,0.21383768320083618,0.9496538043022156,0.14142775535583496
7,0.9162238240242004,0.20883722603321075,0.9475282430648804,0.14134825766086578
8,0.9196246862411499,0.20105907320976257,0.9478318691253662,0.14403937757015228
9,0.9200194478034973,0.20136426389217377,0.9478318691253662,0.1432199478149414
10,0.9227067232131958,0.19427809119224548,0.945341944694519,0.14643026888370514
11,0.923405110836029,0.19299694895744324,0.948621392250061,0.13832008838653564
12,0.9245589375495911,0.1898082196712494,0.9515972137451172,0.1380833387374878
13,0.9253939986228943,0.18703939020633698,0.9484391808509827,0.14000874757766724
14,0.9271551370620728,0.18220238387584686,0.9496538043022156,0.1412452757358551
15,0.927504301071167,0.18288801610469818,0.952751100063324,0.138430655002594
16,0.9287189245223999,0.178385391831398,0.9534191489219666,0.14170250296592712
17,0.9289466738700867,0.18011486530303955,0.9505040645599365,0.14193843305110931
18,0.9292199611663818,0.17739787697792053,0.9500182271003723,0.14783735573291779
19,0.9286278486251831,0.17572377622127533,0.9523259997367859,0.14120075106620789
20,0.9297361373901367,0.1748223453760147,0.9537228345870972,0.1410939246416092
21,0.9307078123092651,0.17255714535713196,0.9522045254707336,0.14581523835659027
22,0.9307381510734558,0.172011137008667,0.952386736869812,0.1395612359046936
23,0.9307533502578735,0.17132405936717987,0.9530547857284546,0.1446414291858673

0,0.6122430562973022,0.8827769756317139,0.7729867696762085,0.42276644706726074
1,0.7126438617706299,0.5678726434707642,0.8008623719215393,0.34946149587631226
2,0.7596028447151184,0.4789600968360901,0.8362686634063721,0.29996588826179504
3,0.7967995405197144,0.41924235224723816,0.8604397177696228,0.2708026170730591
4,0.819466769695282,0.3855053782463074,0.8812704682350159,0.24458278715610504
5,0.8354234099388123,0.36132875084877014,0.8830317258834839,0.23223720490932465
6,0.8479943871498108,0.3423477113246918,0.8907445669174194,0.22250504791736603
7,0.8548568487167358,0.326404869556427,0.8968784213066101,0.2128629982471466
8,0.8625391125679016,0.3165110945701599,0.8998542428016663,0.2073773443698883
9,0.8681869506835938,0.3040506839752197,0.8993076682090759,0.20135588943958282
10,0.8723013401031494,0.2975635230541229,0.905137836933136,0.19806788861751556
11,0.8787538409233093,0.28670841455459595,0.910178542137146,0.19053584337234497
12,0.8838247060775757,0.2804334759712219,0.913579523563385,0.18659014999866486
13,0.8870130181312561,0.27415731549263,0.9189238548278809,0.18176300823688507
14,0.888455331325531,0.2697661817073822,0.9171019196510315,0.18313159048557281
15,0.8917195796966553,0.2648407816886902,0.9191667437553406,0.179412841796875
16,0.8935717940330505,0.2601720988750458,0.927304744720459,0.17370237410068512
17,0.8966386318206787,0.2581939995288849,0.9284586310386658,0.1724456399679184
18,0.8982479572296143,0.2536827325820923,0.921899676322937,0.17353345453739166
19,0.8995839953422546,0.2495478242635727,0.9318596124649048,0.16730807721614838
20,0.9008137583732605,0.25155341625213623,0.9310093522071838,0.16725601255893707
21,0.9030607342720032,0.24406017363071442,0.9348961710929871,0.16229335963726044
22,0.9026356339454651,0.24519789218902588,0.9344710111618042,0.1625225841999054
23,0.9057784080505371,0.24012839794158936,0.9349569082260132,0.16172808408737183

0,0.9152977466583252,0.18319028615951538,0.9331956505775452,0.14781025052070618
1,0.9444933533668518,0.12873955070972443,0.9530547857284546,0.11876066774129868
2,0.9484255909919739,0.11975224316120148,0.9520830512046814,0.11772694438695908
3,0.9510369300842285,0.11452821642160416,0.9491072297096252,0.11982445418834686
4,0.9524185657501221,0.11056242138147354,0.9563949704170227,0.10884260386228561
5,0.9551361799240112,0.10801004618406296,0.9597959518432617,0.10275474190711975
6,0.9558801054954529,0.1050548106431961,0.9583383798599243,0.10429404675960541
7,0.9569125175476074,0.10373128205537796,0.9576703310012817,0.10526558011770248
8,0.9576716423034668,0.10175922513008118,0.9583991169929504,0.10622546076774597
9,0.9566088914871216,0.10193178802728653,0.9551803469657898,0.1118519976735115
10,0.9580360054969788,0.09961482137441635,0.9605854749679565,0.10039041936397552
11,0.9584763050079346,0.09912368655204773,0.9600995779037476,0.10195662081241608
12,0.9583092927932739,0.09795700758695602,0.961982250213623,0.09788284450769424
13,0.9594175815582275,0.09703422337770462,0.9573059678077698,0.10205195844173431
14,0.9596453309059143,0.09565101563930511,0.9622251987457275,0.0994526818394661
15,0.9605259299278259,0.0946040078997612,0.9617393612861633,0.09864792972803116

0,0.8274223208427429,0.4755626320838928,0.907688558101654,0.23882339894771576
1,0.9151307344436646,0.2116330862045288,0.9280942678451538,0.19215820729732513
2,0.9304952621459961,0.18063779175281525,0.9362322092056274,0.17179742455482483
3,0.9399842023849487,0.16387297213077545,0.94406658411026,0.1587781459093094
4,0.9441745281219482,0.1542002111673355,0.9495931267738342,0.15170222520828247
5,0.9470440149307251,0.147512286901474,0.948196291923523,0.14785286784172058
6,0.9489721655845642,0.14222142100334167,0.9498967528343201,0.14165076613426208
7,0.9498071670532227,0.13820111751556396,0.9504433274269104,0.1369525045156479
8,0.9511128664016724,0.134398952126503,0.9543908834457397,0.13418059051036835
9,0.9523881673812866,0.13113035261631012,0.954026460647583,0.12986037135124207
10,0.9529954791069031,0.12840144336223602,0.954026460647583,0.12752680480480194
11,0.9535723924636841,0.1248089000582695,0.9570630192756653,0.12327417731285095
12,0.9540430307388306,0.12159823626279831,0.9525082111358643,0.12533581256866455
13,0.9546200037002563,0.11891239136457443,0.9574881792068481,0.11706206947565079
14,0.9551817178726196,0.1161489486694336,0.9571844935417175,0.1144922748208046
15,0.9554702043533325,0.11493130773305893,0.9571237564086914,0.11408937722444534

0,0.9140527844429016,0.1932244747877121,0.9262115955352783,0.15433354675769806
1,0.9429295659065247,0.1379024237394333,0.9366573691368103,0.14572539925575256
2,0.9480915665626526,0.1257585883140564,0.9446131587028503,0.13004525005817413
3,0.9513254165649414,0.11871054023504257,0.9512328505516052,0.11916103214025497
4,0.9516746401786804,0.11555597186088562,0.9550589323043823,0.11138386279344559
5,0.9532232284545898,0.11188632249832153,0.9576095938682556,0.1045696809887886
6,0.9539064168930054,0.10905008763074875,0.9538443088531494,0.10903481394052505
7,0.9552121162414551,0.10587207973003387,0.9559091329574585,0.10814069211483002
8,0.9557890295982361,0.10466812551021576,0.9539050459861755,0.11240456253290176
9,0.957595705986023,0.10183284431695938,0.960342526435852,0.1003098338842392
10,0.957808256149292,0.10037502646446228,0.957791805267334,0.1039041206240654
11,0.9591898918151855,0.09856754541397095,0.9548159837722778,0.10720916092395782
12,0.9593417048454285,0.09768647700548172,0.9594922661781311,0.10289032012224197
13,0.9602071046829224,0.09623053669929504,0.9612534642219543,0.09713535010814667
14,0.9604196548461914,0.09473232924938202,0.9566986560821533,0.10018175095319748
15,0.9611331820487976,0.09411952644586563,0.9582169055938721,0.1016693264245987
16,0.9612243175506592,0.09317240864038467,0.9622859358787537,0.0959077849984169
17,0.9611483812332153,0.092705138027668,0.959917426109314,0.09920784831047058
18,0.9614824056625366,0.09249675273895264,0.9578525424003601,0.10257404297590256
19,0.962028980255127,0.09146734327077866,0.960342526435852,0.09860739856958389
20,0.9621807932853699,0.09123062342405319,0.9636220335960388,0.09302034974098206
21,0.9628943800926208,0.09057070314884186,0.9641686081886292,0.09038219600915909
22,0.9630006551742554,0.08971123397350311,0.9611320495605469,0.09440489113330841
23,0.9629702568054199,0.08844207972288132,0.9629539847373962,0.09395164251327515

0,0.852351725101471,0.30937573313713074,0.9064739346504211,0.201055645942688
1,0.9217198491096497,0.17962180078029633,0.9273654818534851,0.16964296996593475
2,0.9384052753448486,0.15394283831119537,0.942791223526001,0.1449871063232422
3,0.9444478154182434,0.14124947786331177,0.9514757394790649,0.1351931393146515
4,0.9474083781242371,0.13320478796958923,0.9519008994102478,0.1302846521139145
5,0.9499741792678833,0.1281963586807251,0.9492894411087036,0.13221979141235352
6,0.9516290426254272,0.12401032447814941,0.953236997127533,0.1247369572520256
7,0.9521908164024353,0.12118387967348099,0.9551196694374084,0.12171273678541183
8,0.9532383680343628,0.118055559694767,0.9501397013664246,0.12741461396217346
9,0.9539671540260315,0.11552627384662628,0.9542086720466614,0.11931570619344711
10,0.9542404413223267,0.11403053998947144,0.9551196694374084,0.11810382455587387
11,0.9541949033737183,0.11307509988546371,0.9503825902938843,0.12397730350494385
12,0.9553335309028625,0.1106932982802391,0.94698166847229,0.13011643290519714
13,0.9561078548431396,0.10958335548639297,0.9559091329574585,0.1136760488152504
14,0.9557890295982361,0.10826963186264038,0.9562735557556152,0.11629069596529007
15,0.9556372165679932,0.10725517570972443,0.9576095938682556,0.11308278888463974
16,0.9560471177101135,0.1071452721953392,0.957791805267334,0.11379330605268478
17,0.9561078548431396,0.10659515857696533,0.9579132795333862,0.11282655596733093
18,0.9561078548431396,0.10583014041185379,0.9528725743293762,0.11980593949556351
19,0.9570947289466858,0.10463257879018784,0.9572452306747437,0.11173859238624573
20,0.9573983550071716,0.10412169992923737,0.9592493772506714,0.11045795679092407
21,0.9569277167320251,0.10404208302497864,0.9592493772506714,0.10821273177862167
22,0.95665442943573,0.10315562784671783,0.9566379189491272,0.11194653064012527
23,0.9568517804145813,0.10284338891506195,0.9589456915855408,0.10965298861265182

0,0.7795827984809875,0.45134544372558594,0.8915948271751404,0.2201116979122162
1,0.8720735907554626,0.2903996706008911,0.9125470519065857,0.1748274266719818
2,0.8950748443603516,0.25157856941223145,0.9404833912849426,0.15034347772598267
3,0.9038805961608887,0.23500387370586395,0.9414551258087158,0.1444387435913086
4,0.9111074209213257,0.2220085859298706,0.932709813117981,0.15800459682941437
5,0.9151003360748291,0.21469292044639587,0.9438236355781555,0.14112335443496704
6,0.9175447225570679,0.20838946104049683,0.9450989961624146,0.14221982657909393
7,0.9193665981292725,0.20344604551792145,0.9467994570732117,0.13707658648490906
8,0.9207329750061035,0.19894260168075562,0.9484999179840088,0.13542777299880981
9,0.9226459860801697,0.1949339061975479,0.9439451098442078,0.13904784619808197
10,0.924346387386322,0.19088704884052277,0.9464350938796997,0.13533084094524384
11,0.9249688982963562,0.18841910362243652,0.9528725743293762,0.13191649317741394
12,0.9248018860816956,0.18633513152599335,0.9503218531608582,0.13098545372486115
13,0.9254547357559204,0.18509060144424438,0.9472852945327759,0.13614000380039215
14,0.9257887005805969,0.1836932748556137,0.9522652626037598,0.1276465505361557
15,0.9272006750106812,0.18092653155326843,0.9472245573997498,0.1398799568414688

0,0.5945708155632019,0.878710925579071,0.7390379905700684,0.44715526700019836
1,0.6640603542327881,0.6443475484848022,0.7635126709938049,0.394195556640625
2,0.7047035098075867,0.5638092160224915,0.80699622631073,0.3434142470359802
3,0.743585467338562,0.4989470839500427,0.8643264770507812,0.2977101504802704
4,0.7793550491333008,0.4488946795463562,0.8782339096069336,0.2658902108669281
5,0.8010202646255493,0.4131258726119995,0.8866148591041565,0.24191725254058838
6,0.8208484053611755,0.38367557525634766,0.8976679444313049,0.2258158177137375
7,0.8369113206863403,0.36039018630981445,0.9004615545272827,0.21300843358039856
8,0.8480855226516724,0.34189456701278687,0.9079315066337585,0.2046850174665451
9,0.8540217876434326,0.330660343170166,0.9115146398544312,0.19650833308696747
10,0.8651504516601562,0.3165385127067566,0.9163123965263367,0.19101208448410034
11,0.870175838470459,0.30995428562164307,0.917709231376648,0.18771012127399445
12,0.8768560290336609,0.29884642362594604,0.9200777411460876,0.18224754929542542
13,0.8811981678009033,0.28859254717826843,0.9234786629676819,0.1788780689239502
14,0.886011004447937,0.2835717797279358,0.9241467118263245,0.17747041583061218
15,0.8896699547767639,0.27721062302589417,0.927304744720459,0.17289596796035767

0,0.7653265595436096,0.49205416440963745,0.9077492952346802,0.2024974375963211
1,0.8676859140396118,0.299249529838562,0.926454484462738,0.1788947731256485
2,0.8899735808372498,0.2648169994354248,0.9306449890136719,0.16593411564826965
3,0.9007226824760437,0.24626260995864868,0.9316774010658264,0.159331813454628
4,0.9084808826446533,0.23363305628299713,0.9452812075614929,0.1429067999124527
5,0.9133391976356506,0.22542330622673035,0.9410907030105591,0.14376144111156464
6,0.9174080491065979,0.21646670997142792,0.9451597332954407,0.1394837200641632
7,0.9184404611587524,0.2136879414319992,0.9475889801979065,0.13777418434619904
8,0.9225852489471436,0.2047492265701294,0.949471652507782,0.132722869515419
9,0.9241490364074707,0.19736135005950928,0.9462528824806213,0.13494542241096497
10,0.9232988357543945,0.19868896901607513,0.9497145414352417,0.13310930132865906
11,0.9270184636116028,0.19296135008335114,0.9503825902938843,0.13109426200389862
12,0.9270488619804382,0.19091501832008362,0.9485606551170349,0.1294681578874588
13,0.9273069500923157,0.18717405200004578,0.951111376285553,0.12717048823833466
14,0.9283241629600525,0.18586167693138123,0.9526903629302979,0.1281292587518692
15,0.9283393621444702,0.18268612027168274,0.9449167847633362,0.13781066238880157
16,0.9309051632881165,0.18249483406543732,0.9520830512046814,0.1272626668214798
17,0.9317553639411926,0.17793874442577362,0.9534191489219666,0.12469294667243958
18,0.9315124750137329,0.17893384397029877,0.9458277821540833,0.1384471356868744
19,0.9322412014007568,0.17742247879505157,0.9506862759590149,0.12993569672107697
20,0.9330155253410339,0.17546166479587555,0.9526903629302979,0.12739773094654083
21,0.9319831132888794,0.17585651576519012,0.9475282430648804,0.13304081559181213
22,0.9333950877189636,0.17364750802516937,0.9532976746559143,0.12724021077156067
23,0.9327877759933472,0.17470769584178925,0.9525082111358643,0.12514671683311462

0,0.5751829743385315,1.177997350692749,0.7307178378105164,0.5158880352973938
1,0.6653963923454285,0.7067463994026184,0.7710433602333069,0.4318990111351013
2,0.7149060368537903,0.5924526453018188,0.7926029562950134,0.38740411400794983
3,0.7494003176689148,0.5294843912124634,0.8298919200897217,0.3425426483154297
4,0.7792335748672485,0.47616466879844666,0.8633548021316528,0.295823335647583
5,0.8055901527404785,0.4368627965450287,0.877201497554779,0.26244911551475525
6,0.8200740814208984,0.4065512418746948,0.8889833688735962,0.2398833930492401
7,0.8351957201957703,0.3785954713821411,0.8968784213066101,0.22604626417160034
8,0.8445176482200623,0.3642323613166809,0.9062917232513428,0.2129640132188797
9,0.8544924259185791,0.3516765832901001,0.9104214906692505,0.20591606199741364
10,0.8619773387908936,0.3374558389186859,0.9137009382247925,0.19972825050354004
11,0.8666231632232666,0.32665035128593445,0.9171019196510315,0.1955629587173462
12,0.8685665130615234,0.3253852128982544,0.9191060662269592,0.1914168894290924
13,0.8766282796859741,0.3136981129646301,0.9223247766494751,0.18690970540046692
14,0.8791941404342651,0.3057636022567749,0.9249362349510193,0.1844937950372696
15,0.8816992044448853,0.29963579773902893,0.9240252375602722,0.18206335604190826
16,0.8837184309959412,0.2988910973072052,0.9274262189865112,0.17901863157749176
17,0.8863905668258667,0.28997254371643066,0.9290052056312561,0.1766951084136963
18,0.8906112313270569,0.2834931015968323,0.9295517802238464,0.17547309398651123
19,0.892524242401123,0.28074249625205994,0.9325883388519287,0.17251716554164886
20,0.8940576314926147,0.27770599722862244,0.9322847127914429,0.17166860401630402
21,0.8960161805152893,0.27792808413505554,0.9355034828186035,0.1702653020620346
22,0.8996750712394714,0.27123886346817017,0.9341673851013184,0.16893522441387177
23,0.8969271183013916,0.2736673355102539,0.9338029623031616,0.16763879358768463

0,0.9141590595245361,0.1888657957315445,0.9341066479682922,0.15908661484718323
1,0.9426259398460388,0.135954350233078,0.9460099339485168,0.1284731924533844
2,0.945480227470398,0.12617498636245728,0.9437628984451294,0.13101214170455933
3,0.9501563906669617,0.11893949657678604,0.9531762599945068,0.11835750192403793
4,0.9515987038612366,0.11420988291501999,0.9475889801979065,0.12392017990350723
5,0.9536635279655457,0.1107037141919136,0.9546945095062256,0.1099143773317337
6,0.9545137286186218,0.10866578668355942,0.9546337723731995,0.10713415592908859
7,0.9557738304138184,0.10591144114732742,0.9536013603210449,0.11319881677627563
8,0.9570035934448242,0.10291434079408646,0.9544516205787659,0.10940282791852951
9,0.9564722180366516,0.1022428348660469,0.9569416046142578,0.10585076361894608
10,0.9583244919776917,0.09973394125699997,0.9575489163398743,0.10521592199802399
11,0.9568973183631897,0.10066140443086624,0.9582169055938721,0.10592305660247803
12,0.9591291546821594,0.09798505157232285,0.9577310681343079,0.10600057244300842
13,0.9589621424674988,0.09662062674760818,0.9595530033111572,0.10290924459695816
14,0.9592657685279846,0.09588456898927689,0.9579132795333862,0.10506746917963028
15,0.9596757292747498,0.09518203884363174,0.9593708515167236,0.10260843485593796

0,0.8396744728088379,0.342457115650177,0.9040446877479553,0.24039460718631744
1,0.9123219847679138,0.20574475824832916,0.9290052056312561,0.18567831814289093
2,0.9343363642692566,0.1642450988292694,0.9392080903053284,0.16384200751781464
3,0.9428232908248901,0.146148219704628,0.9470424056053162,0.15457609295845032
4,0.9476816654205322,0.1373399794101715,0.9520830512046814,0.14533837139606476
5,0.9500652551651001,0.13139614462852478,0.9525689482688904,0.1428736001253128
6,0.9510217905044556,0.12823857367038727,0.9541479349136353,0.14261692762374878
7,0.951644241809845,0.12525705993175507,0.9541479349136353,0.13966737687587738
8,0.952221155166626,0.1230272725224495,0.9537835717201233,0.13951052725315094
9,0.9526311159133911,0.12230674177408218,0.9531762599945068,0.1389361172914505
10,0.9526007175445557,0.1203513890504837,0.9565771818161011,0.13654503226280212
11,0.9541189670562744,0.11884254962205887,0.9567593932151794,0.134624645113945
12,0.9535723924636841,0.11754170805215836,0.9560913443565369,0.13456812500953674
13,0.9537394046783447,0.1174480989575386,0.9574881792068481,0.13361723721027374
14,0.9544833302497864,0.11636324226856232,0.9572452306747437,0.13540594279766083
15,0.9551817178726196,0.11548361927270889,0.9569416046142578,0.1345253586769104

0,0.9097865223884583,0.18933497369289398,0.9491072297096252,0.13413149118423462
1,0.9428384900093079,0.13237528502941132,0.9447953104972839,0.12934023141860962
2,0.9487292170524597,0.12114628404378891,0.9555447697639465,0.1142042875289917
3,0.9504144787788391,0.11632199585437775,0.9520223736763,0.11818601191043854
4,0.9527981281280518,0.11214746534824371,0.9548159837722778,0.11622098833322525
5,0.9540278911590576,0.10938774049282074,0.9556055068969727,0.111142598092556
6,0.9552879929542542,0.10727936029434204,0.9555447697639465,0.10979118943214417
7,0.9550299048423767,0.10541900992393494,0.9569416046142578,0.1102643758058548
8,0.9566696286201477,0.10352727770805359,0.9534798860549927,0.11866689473390579
9,0.9570035934448242,0.10304390639066696,0.9568201303482056,0.11275406926870346
10,0.9575653672218323,0.10119636356830597,0.9487428665161133,0.12409166246652603
11,0.9582182168960571,0.10060378164052963,0.9576095938682556,0.11265242099761963
12,0.9581119418144226,0.10042792558670044,0.9582169055938721,0.10709235817193985
13,0.9582030177116394,0.09861244261264801,0.9604032635688782,0.10287155210971832
14,0.959098756313324,0.09775257855653763,0.9594922661781311,0.10344672203063965
15,0.9593265056610107,0.09661103039979935,0.9582169055938721,0.10797005891799927
16,0.9605562686920166,0.09503208100795746,0.961192786693573,0.10168025642633438
17,0.960586667060852,0.09478399902582169,0.9585205912590027,0.10579343140125275
18,0.9606777429580688,0.0943366289138794,0.963196873664856,0.10166400671005249
19,0.9609813690185547,0.09380991011857986,0.9600995779037476,0.10199224948883057
20,0.9611939191818237,0.09228795766830444,0.9630753993988037,0.09517078846693039
21,0.9610421061515808,0.0919812023639679,0.964472234249115,0.09601936489343643
22,0.961664617061615,0.09176905453205109,0.9646544456481934,0.09541833400726318
23,0.9619530439376831,0.09060051292181015,0.9596137404441833,0.1056799367070198

0,0.8506361246109009,0.3140585422515869,0.9007045030593872,0.21375375986099243
1,0.9172258973121643,0.19100864231586456,0.9287015795707703,0.17080675065517426
2,0.9341238141059875,0.16110341250896454,0.9418802261352539,0.15180696547031403
3,0.9422160387039185,0.14563670754432678,0.9423053860664368,0.14364317059516907
4,0.9464519023895264,0.1377280205488205,0.9487428665161133,0.13406462967395782
5,0.9481523036956787,0.13286590576171875,0.9528725743293762,0.12951064109802246
6,0.9500804543495178,0.128932386636734,0.9517794251441956,0.12779684364795685
7,0.9509913921356201,0.12597516179084778,0.9525082111358643,0.12459772825241089
8,0.9516897797584534,0.12378029525279999,0.9542086720466614,0.1225837767124176
9,0.9523274302482605,0.12087708711624146,0.9554840326309204,0.12004386633634567
10,0.952934741973877,0.11891103535890579,0.9566379189491272,0.11615745723247528
11,0.954073429107666,0.11630482971668243,0.9556055068969727,0.1154666468501091
12,0.9543467164039612,0.11428853869438171,0.9557269811630249,0.11343004554510117
13,0.9543315172195435,0.11288417130708694,0.9572452306747437,0.11087383329868317
14,0.9556523561477661,0.11087287962436676,0.9564557075500488,0.11148922890424728
15,0.9547718167304993,0.11041109263896942,0.9573667049407959,0.10954733937978745
16,0.9559105038642883,0.10867900401353836,0.9565771818161011,0.10863704979419708
17,0.95572829246521,0.10788426548242569,0.9564557075500488,0.11177291721105576
18,0.9564722180366516,0.10749267786741257,0.9568201303482056,0.10829460620880127
19,0.9564722180366516,0.10672133415937424,0.9585813283920288,0.1058390885591507
20,0.9566088914871216,0.10698732733726501,0.9589456915855408,0.10497508943080902
21,0.9574286937713623,0.10509846359491348,0.959431529045105,0.10465852171182632
22,0.9570643305778503,0.10504493862390518,0.9586420655250549,0.10424794256687164
23,0.9569580554962158,0.10509603470563889,0.9573667049407959,0.1057618111371994

0,0.7629733085632324,0.4739285409450531,0.9019191265106201,0.2219061702489853
1,0.870175838470459,0.3014129400253296,0.9259079098701477,0.1821591705083847
2,0.891248881816864,0.26725494861602783,0.9389651417732239,0.16696976125240326
3,0.9026963710784912,0.24349933862686157,0.9375075697898865,0.16378483176231384
4,0.9077672958374023,0.23404528200626373,0.9404833912849426,0.15639130771160126
5,0.9158746600151062,0.21853508055210114,0.9429733753204346,0.15591269731521606
6,0.9151307344436646,0.21656715869903564,0.9404833912849426,0.1519608497619629
7,0.9176357984542847,0.2100190967321396,0.9422446489334106,0.14883996546268463
8,0.9193969368934631,0.20406290888786316,0.9464958310127258,0.14376065135002136
9,0.9213250875473022,0.19741050899028778,0.9383578300476074,0.15020206570625305
10,0.9231470227241516,0.19612574577331543,0.9479533433914185,0.14306005835533142
11,0.9231621623039246,0.19325773417949677,0.9503825902938843,0.13621968030929565
12,0.9249081611633301,0.18941402435302734,0.9504433274269104,0.1402050405740738
13,0.9251965880393982,0.18655677139759064,0.9477711915969849,0.14391453564167023
14,0.9254698753356934,0.18645545840263367,0.9460099339485168,0.15038785338401794
15,0.9267603754997253,0.18389487266540527,0.9509291648864746,0.13809378445148468

0,0.5550815463066101,1.0015069246292114,0.7635126709938049,0.4887412190437317
1,0.6218838095664978,0.7243354320526123,0.7854973673820496,0.43556830286979675
2,0.6572738885879517,0.6385795474052429,0.8112474083900452,0.39448419213294983
3,0.6848753690719604,0.5827134847640991,0.8315316438674927,0.3561176061630249
4,0.7147693634033203,0.5346376299858093,0.8603182435035706,0.3194599151611328
5,0.7443141937255859,0.4904851019382477,0.8832138776779175,0.2815696895122528
6,0.7742234468460083,0.4509294629096985,0.8907445669174194,0.2513514459133148
7,0.7922600507736206,0.4208097755908966,0.8934167623519897,0.23362235724925995
8,0.8115264177322388,0.39675745368003845,0.8999149799346924,0.21931855380535126
9,0.8233079314231873,0.3741934895515442,0.9013118147850037,0.21055856347084045
10,0.8334497213363647,0.35804784297943115,0.9085995554924011,0.20380468666553497
11,0.8407524228096008,0.34788668155670166,0.9095712304115295,0.19929522275924683
12,0.8479337096214294,0.3375876843929291,0.911453902721405,0.1952652633190155
13,0.8511978983879089,0.3293977975845337,0.9129722118377686,0.19173012673854828
14,0.8602921366691589,0.31550541520118713,0.9140046238899231,0.18738703429698944
15,0.8633437752723694,0.31010836362838745,0.9164338707923889,0.18484601378440857

0,0.7456198930740356,0.5380791425704956,0.8825458288192749,0.2757984399795532
1,0.8516077995300293,0.3330751955509186,0.8894692063331604,0.23784857988357544
2,0.875975489616394,0.2789773941040039,0.9141260981559753,0.20557667315006256
3,0.890671968460083,0.25389882922172546,0.9266974329948425,0.19426973164081573
4,0.8976406455039978,0.24109168350696564,0.9392687678337097,0.1861962527036667
5,0.9047004580497742,0.23054470121860504,0.9313737154006958,0.1877998411655426
6,0.9098624587059021,0.22400355339050293,0.9467994570732117,0.1726495921611786
7,0.9128988981246948,0.21842387318611145,0.9484999179840088,0.16275201737880707
8,0.9161934852600098,0.20960815250873566,0.9492894411087036,0.16158339381217957
9,0.9173777103424072,0.20747993886470795,0.9478318691253662,0.1632823795080185
10,0.9196246862411499,0.20464061200618744,0.9341673851013184,0.17878030240535736
11,0.9225549101829529,0.19565322995185852,0.9461921453475952,0.1664395034313202
12,0.9223119616508484,0.1948971152305603,0.9439451098442078,0.16981270909309387
13,0.9251359105110168,0.1920689046382904,0.9412729144096375,0.17404013872146606
14,0.9253028631210327,0.1924324631690979,0.9508684277534485,0.15361277759075165
15,0.9268363118171692,0.19002830982208252,0.9523259997367859,0.15313926339149475
16,0.9251207113265991,0.18809174001216888,0.9497145414352417,0.153967946767807
17,0.9256976246833801,0.18689003586769104,0.9539657235145569,0.15156853199005127
18,0.9282786250114441,0.1820511668920517,0.9534191489219666,0.1533944457769394
19,0.9270033240318298,0.1846167892217636,0.9532976746559143,0.15038679540157318
20,0.9289162755012512,0.1810915172100067,0.9515364766120911,0.15198394656181335
21,0.9291136264801025,0.17952784895896912,0.9505040645599365,0.1566799432039261
22,0.9297513365745544,0.1804053783416748,0.9517794251441956,0.15594564378261566
23,0.9289618134498596,0.1798260658979416,0.9476497173309326,0.16162513196468353

0,0.610481858253479,0.7908766865730286,0.7366087436676025,0.501219630241394
1,0.6774967312812805,0.626121461391449,0.7664884924888611,0.42869463562965393
2,0.7173352241516113,0.5470333099365234,0.8031094670295715,0.3752508759498596
3,0.7503112554550171,0.4935316741466522,0.8295882344245911,0.3414016664028168
4,0.7775635123252869,0.45019906759262085,0.8603789806365967,0.3040066361427307
5,0.8054990172386169,0.4140193462371826,0.871371328830719,0.2844148278236389
6,0.8230649828910828,0.3875029385089874,0.8745293617248535,0.27542492747306824
7,0.8351045846939087,0.3745132386684418,0.8894084692001343,0.26422056555747986
8,0.8445024490356445,0.3563072383403778,0.891412615776062,0.2564930021762848
9,0.8540521860122681,0.3413221538066864,0.896817684173584,0.2476867288351059
10,0.8576655387878418,0.3327564597129822,0.9005222916603088,0.23965972661972046
11,0.8624935746192932,0.32382315397262573,0.9041054248809814,0.23228193819522858
12,0.868536114692688,0.3140588402748108,0.9034373760223389,0.23187313973903656
13,0.8714966773986816,0.30527180433273315,0.9079315066337585,0.22312460839748383
14,0.8745938539505005,0.30111369490623474,0.9109073281288147,0.2182176262140274
15,0.880287230014801,0.29127615690231323,0.9140046238899231,0.2144467979669571
16,0.8809248805046082,0.2897190451622009,0.9158265590667725,0.2098117470741272
17,0.8828378915786743,0.28586551547050476,0.9204421043395996,0.20290152728557587
18,0.8876810669898987,0.27883273363113403,0.9214138388633728,0.20065489411354065
19,0.8876810669898987,0.27793335914611816,0.923175036907196,0.19711026549339294
20,0.8903531432151794,0.26911571621894836,0.9213531017303467,0.1965332329273224
21,0.891385555267334,0.27193450927734375,0.9217174649238586,0.19681598246097565
22,0.8951659202575684,0.2644995152950287,0.9241467118263245,0.19122923910617828
23,0.895105242729187,0.2600034773349762,0.9266974329948425,0.18866010010242462

