epoch,accuracy,loss,val_accuracy,val_loss
0,0.872969388961792,0.2673901319503784,0.9157658219337463,0.18872356414794922
1,0.9272310733795166,0.1722918301820755,0.9311308264732361,0.16240952908992767
2,0.9398020505905151,0.15039561688899994,0.9420624375343323,0.1454419195652008
3,0.9455409646034241,0.13982732594013214,0.9472245573997498,0.13756968080997467
4,0.9489721655845642,0.13329242169857025,0.9530547857284546,0.12974825501441956
5,0.9507333040237427,0.12835077941417694,0.9548159837722778,0.12691150605678558
6,0.9519175291061401,0.12487265467643738,0.9537835717201233,0.12361875921487808
7,0.9532687664031982,0.12106748670339584,0.9425482749938965,0.1357433944940567
8,0.953147292137146,0.11827827990055084,0.9566379189491272,0.11586630344390869
9,0.9544225931167603,0.11530938744544983,0.9531762599945068,0.11890583485364914
10,0.9554246664047241,0.11323628574609756,0.9559698700904846,0.11794214695692062
11,0.9548628926277161,0.11145513504743576,0.9568808674812317,0.11394084244966507
12,0.9558801054954529,0.10988558083772659,0.9538443088531494,0.11531537026166916
13,0.9566392302513123,0.10856235027313232,0.9529940485954285,0.11651144176721573
14,0.956305205821991,0.10751083493232727,0.9566986560821533,0.1137147769331932
15,0.9569277167320251,0.10599599778652191,0.957791805267334,0.1107749342918396
