epoch,accuracy,loss,val_accuracy,val_loss
0,0.910515308380127,0.20004016160964966,0.9423660635948181,0.13563476502895355
1,0.9448425769805908,0.1290951371192932,0.9488643407821655,0.12087837606668472
2,0.9488658905029297,0.11848488450050354,0.9490464925765991,0.11690319329500198
3,0.9514316916465759,0.11319208145141602,0.9466779828071594,0.12164457142353058
4,0.9528436660766602,0.11086980253458023,0.9571844935417175,0.10696566104888916
5,0.9539519548416138,0.10836810618638992,0.9559091329574585,0.10644583404064178
6,0.9556979537010193,0.10545676946640015,0.9475889801979065,0.12556225061416626
7,0.9558953046798706,0.10380791872739792,0.9596744775772095,0.10464484989643097
8,0.9565784931182861,0.10242489725351334,0.9543908834457397,0.11309025436639786
9,0.9568821787834167,0.10061998665332794,0.9598566889762878,0.10440687835216522
10,0.9584611058235168,0.09899276494979858,0.9600388407707214,0.10343847423791885
11,0.9586736559867859,0.0986049622297287,0.959917426109314,0.1043628454208374
12,0.9590228796005249,0.09669812768697739,0.9582776427268982,0.10541700571775436
13,0.959083616733551,0.09617411345243454,0.9573667049407959,0.11361245065927505
14,0.9601311683654785,0.09599766880273819,0.9609498381614685,0.10100280493497849
15,0.9609813690185547,0.0944409891963005,0.9613142013549805,0.10303887724876404
0,0.9124737977981567,0.18368159234523773,0.9471638798713684,0.13466432690620422
1,0.942899227142334,0.13185344636440277,0.9446738958358765,0.1315677911043167
2,0.9478486776351929,0.12269589304924011,0.954026460647583,0.1188916563987732
3,0.9500804543495178,0.11565844714641571,0.9499574899673462,0.12592631578445435
4,0.9524793028831482,0.1110868901014328,0.9489250779151917,0.12517085671424866
5,0.9534357786178589,0.107939213514328,0.9581562280654907,0.11323599517345428
6,0.9547414183616638,0.10582218319177628,0.9569416046142578,0.11439161002635956
7,0.9552121162414551,0.10411418974399567,0.955301821231842,0.1149795800447464
8,0.95651775598526,0.10308212041854858,0.9591279029846191,0.11318374425172806
9,0.9571858048439026,0.10213089734315872,0.9601603150367737,0.11014962196350098
10,0.9580815434455872,0.10019577294588089,0.9601603150367737,0.11408211290836334
11,0.9583244919776917,0.09977346658706665,0.9598566889762878,0.10931814461946487
12,0.9588254690170288,0.09777642041444778,0.9601603150367737,0.10978492349386215
13,0.9586433172225952,0.09665088355541229,0.959067165851593,0.11199039965867996
14,0.9593569040298462,0.09606830775737762,0.9601603150367737,0.11323966085910797
15,0.9600400924682617,0.09476658701896667,0.9562735557556152,0.11680691689252853
0,0.6904624700546265,0.5454608201980591,0.8844285011291504,0.22523686289787292
1,0.8376248478889465,0.3400597870349884,0.9110288023948669,0.19428785145282745
2,0.8658336400985718,0.2941655218601227,0.929430365562439,0.17176030576229095
3,0.8758084774017334,0.2833159267902374,0.9274869561195374,0.165919229388237
4,0.8841283917427063,0.2674451768398285,0.9441879987716675,0.14622922241687775
5,0.8871952295303345,0.2636973559856415,0.9447346329689026,0.14088749885559082
6,0.8944523930549622,0.2524236738681793,0.946556568145752,0.14123152196407318
7,0.892326831817627,0.2523766756057739,0.9412729144096375,0.13804088532924652
8,0.8952418565750122,0.2497560977935791,0.9524474740028381,0.1277308613061905
9,0.8987945318222046,0.24250157177448273,0.951111376285553,0.12635210156440735
10,0.901633620262146,0.23888006806373596,0.9536013603210449,0.12170473486185074
11,0.902210533618927,0.23745715618133545,0.9541479349136353,0.12322869151830673
12,0.8990070819854736,0.24146200716495514,0.9546337723731995,0.1235322579741478
13,0.9042905569076538,0.23532363772392273,0.9534798860549927,0.12844392657279968
14,0.9035314321517944,0.23605526983737946,0.9560306072235107,0.12153468281030655
15,0.9064615964889526,0.2319791167974472,0.9579132795333862,0.11604566872119904
0,0.6775726675987244,0.5467106699943542,0.8476861119270325,0.36001721024513245
1,0.8119819164276123,0.4056644141674042,0.8884367942810059,0.30103662610054016
2,0.8482069373130798,0.3532169759273529,0.9164338707923889,0.2773944139480591
3,0.8820787668228149,0.2933965027332306,0.9092676043510437,0.2915511727333069
4,0.8910818696022034,0.27202194929122925,0.935624897480011,0.25403881072998047
5,0.8957580327987671,0.2630257308483124,0.9440058469772339,0.2574029564857483
6,0.900130569934845,0.25543665885925293,0.9322239756584167,0.26723572611808777
7,0.9048674702644348,0.24656590819358826,0.9463743567466736,0.24203191697597504
8,0.9050648212432861,0.24387720227241516,0.940665602684021,0.26034015417099
9,0.9076762199401855,0.24009200930595398,0.9497145414352417,0.27105769515037537
10,0.9080557227134705,0.23478198051452637,0.9487428665161133,0.27553626894950867
11,0.9088148474693298,0.23809762299060822,0.9519616365432739,0.26875805854797363
12,0.9107126593589783,0.23391348123550415,0.9394509792327881,0.28923115134239197
13,0.9112288355827332,0.23145239055156708,0.9480140805244446,0.28853869438171387
14,0.9119120836257935,0.23023341596126556,0.9474067687988281,0.28917890787124634
15,0.9121397733688354,0.22872896492481232,0.9491679668426514,0.28916099667549133
0,0.9092855453491211,0.1987011879682541,0.9449167847633362,0.13604497909545898
1,0.9456775784492493,0.12854868173599243,0.9547552466392517,0.1192077249288559
2,0.9481523036956787,0.12026702612638474,0.9541479349136353,0.11774292588233948
3,0.9517505168914795,0.11392707377672195,0.9571237564086914,0.11205888539552689
4,0.9526766538619995,0.11029770970344543,0.9559091329574585,0.11460214108228683
5,0.9542859792709351,0.10753703862428665,0.9563949704170227,0.11129111051559448
6,0.9559712409973145,0.10467430204153061,0.9573059678077698,0.10997585952281952
7,0.9567151665687561,0.10280033200979233,0.9569416046142578,0.11236024647951126
8,0.9574286937713623,0.10104275494813919,0.9573667049407959,0.11151416599750519
9,0.9577475190162659,0.10018377006053925,0.9582169055938721,0.11186085641384125
10,0.9581119418144226,0.09943784773349762,0.9608891010284424,0.10593866556882858
11,0.9593720436096191,0.09785965085029602,0.9574881792068481,0.11191757768392563
12,0.9598578810691833,0.09730327874422073,0.9605247378349304,0.10481826961040497
13,0.9596453309059143,0.09637141227722168,0.9602817893028259,0.1043219193816185
14,0.9601919054985046,0.09549359977245331,0.9566986560821533,0.10776977241039276
15,0.9611180424690247,0.09405521303415298,0.9621644616127014,0.09743177890777588
0,0.9073421955108643,0.19362568855285645,0.9462528824806213,0.14754220843315125
1,0.9451917409896851,0.1292325109243393,0.9417587518692017,0.14638754725456238
2,0.9491847157478333,0.11986318975687027,0.9494109153747559,0.13332299888134003
3,0.9511128664016724,0.11541195958852768,0.9279120564460754,0.1656905561685562
4,0.9532080292701721,0.11053948849439621,0.9514150619506836,0.13248102366924286
5,0.953496515750885,0.1091499775648117,0.9486821293830872,0.131626158952713
6,0.9552576541900635,0.10570920258760452,0.9543908834457397,0.12493597716093063
7,0.956305205821991,0.10353202372789383,0.9604640007019043,0.11611072719097137
8,0.9569732546806335,0.10262665152549744,0.9591279029846191,0.11600757390260696
9,0.9575046300888062,0.10051681101322174,0.956516444683075,0.12448801100254059
10,0.9585066437721252,0.09918008744716644,0.9591279029846191,0.11693838983774185
11,0.9585370421409607,0.09734801948070526,0.9595530033111572,0.12195797264575958
12,0.9593569040298462,0.09630050510168076,0.9598566889762878,0.12055885791778564
13,0.959660530090332,0.095993272960186,0.9568201303482056,0.12419403344392776
14,0.9596757292747498,0.094773069024086,0.9622251987457275,0.11584356427192688
15,0.9602526426315308,0.09348897635936737,0.9616178870201111,0.11766927689313889
0,0.6534630656242371,0.6097624897956848,0.8285558223724365,0.3914321959018707
1,0.7815564870834351,0.44446709752082825,0.8909875154495239,0.3063889443874359
2,0.8098412156105042,0.4025580883026123,0.902647852897644,0.2826257050037384
3,0.8215771317481995,0.3905303180217743,0.9146726727485657,0.2577645182609558
4,0.8333282470703125,0.3713121712207794,0.9189238548278809,0.25199800729751587
5,0.8395833969116211,0.36551493406295776,0.918984591960907,0.23508554697036743
6,0.8433638215065002,0.3572784662246704,0.9438843727111816,0.21719855070114136
7,0.8449276089668274,0.3532412052154541,0.9347746968269348,0.21222323179244995
8,0.8471593856811523,0.35305657982826233,0.9457670450210571,0.21172787249088287
9,0.8494670987129211,0.3487052023410797,0.9481355547904968,0.20410649478435516
10,0.8530956506729126,0.34409695863723755,0.9457670450210571,0.21151980757713318
11,0.8530045747756958,0.3433414399623871,0.9451597332954407,0.21028095483779907
12,0.852351725101471,0.34653276205062866,0.9505040645599365,0.20539355278015137
13,0.8517444729804993,0.346577912569046,0.9524474740028381,0.20580759644508362
14,0.857574462890625,0.33608460426330566,0.9484391808509827,0.21128582954406738
15,0.8547201752662659,0.3435729444026947,0.9409692883491516,0.21513855457305908
0,0.6030425429344177,0.6718041300773621,0.8236365914344788,0.38673239946365356
1,0.7491118311882019,0.4349561631679535,0.8924450278282166,0.22184595465660095
2,0.8029332160949707,0.3438512980937958,0.9218389391899109,0.19522006809711456
3,0.8219263553619385,0.3126427233219147,0.9342888593673706,0.17996050417423248
4,0.8346036076545715,0.29486626386642456,0.9432163238525391,0.16013820469379425
5,0.8503932356834412,0.2861890494823456,0.9407870769500732,0.17243219912052155
6,0.8574985861778259,0.2739087641239166,0.9500789642333984,0.16126853227615356
7,0.8597000241279602,0.2720731496810913,0.9544516205787659,0.15597189962863922
8,0.8616281747817993,0.2656254172325134,0.9503825902938843,0.15470445156097412
9,0.8624328374862671,0.26524317264556885,0.9518401622772217,0.16164632141590118
10,0.8631767630577087,0.26152366399765015,0.9499574899673462,0.15857191383838654
11,0.8669571280479431,0.25731706619262695,0.9492287039756775,0.15688323974609375
12,0.8682172894477844,0.2570734918117523,0.9553625583648682,0.16063208878040314
13,0.8711930513381958,0.25222110748291016,0.9489858150482178,0.15664318203926086
14,0.8739866018295288,0.24845464527606964,0.955301821231842,0.16119971871376038
15,0.8759147524833679,0.24577651917934418,0.9556662440299988,0.16099372506141663
0,0.920049786567688,0.17841389775276184,0.9424268007278442,0.14186109602451324
1,0.9435065388679504,0.1328791081905365,0.9519008994102478,0.12762415409088135
2,0.9494732022285461,0.12085940688848495,0.9518401622772217,0.1336142122745514
3,0.9508243799209595,0.11657455563545227,0.9490464925765991,0.1332286298274994
4,0.9531928300857544,0.11169940233230591,0.956516444683075,0.11921986937522888
5,0.9540886282920837,0.10969281196594238,0.9500789642333984,0.1343315988779068
6,0.9548780918121338,0.10692655295133591,0.9430341124534607,0.13497596979141235
7,0.9562293291091919,0.10471633076667786,0.9560306072235107,0.1201203241944313
8,0.956290066242218,0.10339803993701935,0.9600995779037476,0.10774794220924377
9,0.9573224186897278,0.10253400355577469,0.957791805267334,0.11406068503856659
10,0.9569428563117981,0.10047447681427002,0.9606461524963379,0.1099168136715889
11,0.9587040543556213,0.09900327771902084,0.9526903629302979,0.12563090026378632
12,0.957793116569519,0.0986187607049942,0.9593101143836975,0.11475125700235367
13,0.9582333564758301,0.09845497459173203,0.9620429873466492,0.11245524138212204
14,0.9601311683654785,0.09588906168937683,0.9605247378349304,0.11308480054140091
15,0.9595694541931152,0.09525579959154129,0.9610105752944946,0.11334244161844254
0,0.9177420735359192,0.17609833180904388,0.9435200095176697,0.1385045200586319
1,0.9435824155807495,0.12923619151115417,0.9296125173568726,0.148280531167984
2,0.9487596154212952,0.1202181950211525,0.9399368166923523,0.13415415585041046
3,0.9507940411567688,0.11501362919807434,0.9517186880111694,0.11747436970472336
4,0.9523730278015137,0.11102861911058426,0.9519616365432739,0.11463668197393417
5,0.9542404413223267,0.1085575670003891,0.9585205912590027,0.10452241450548172
6,0.9548021554946899,0.10657903552055359,0.9506255388259888,0.11604705452919006
7,0.9560015797615051,0.10371751338243484,0.9585205912590027,0.10305538773536682
8,0.9570187926292419,0.10210970789194107,0.9588242173194885,0.10431717336177826
9,0.95744389295578,0.10053306072950363,0.9580347537994385,0.10115239024162292
10,0.9583092927932739,0.09902650862932205,0.9581562280654907,0.09985798597335815
11,0.9593265056610107,0.09807955473661423,0.9613749384880066,0.09587894380092621
12,0.9602981805801392,0.0968436747789383,0.9613749384880066,0.09629993885755539
13,0.9597516059875488,0.09612562507390976,0.9620429873466492,0.09627760946750641
14,0.9600096940994263,0.09526395797729492,0.9610105752944946,0.09657211601734161
15,0.9602829813957214,0.09416507184505463,0.9606461524963379,0.09692884981632233
0,0.8174778819084167,0.37555956840515137,0.8871006965637207,0.21370796859264374
1,0.8657577633857727,0.2720106542110443,0.9212923645973206,0.1768537312746048
2,0.8825190663337708,0.24081483483314514,0.9418802261352539,0.1523045152425766
3,0.9108796715736389,0.22289861738681793,0.9447346329689026,0.14320150017738342
4,0.9166489243507385,0.2113199681043625,0.9467994570732117,0.14029686152935028
5,0.9174080491065979,0.2027924805879593,0.9491072297096252,0.13861548900604248
6,0.9203382730484009,0.19548892974853516,0.9474067687988281,0.13757777214050293
7,0.9225700497627258,0.1933685541152954,0.9477104544639587,0.13602949678897858
8,0.9251814484596252,0.18672887980937958,0.9459492564201355,0.14497432112693787
9,0.9248626232147217,0.18545447289943695,0.9531762599945068,0.13112758100032806
10,0.927139937877655,0.18240073323249817,0.9474675059318542,0.1393994688987732
11,0.9275954365730286,0.17811253666877747,0.9449167847633362,0.14111825823783875
12,0.9273069500923157,0.17868323624134064,0.9510506391525269,0.1347234547138214
13,0.9281116127967834,0.17680104076862335,0.9542694091796875,0.12753616273403168
14,0.9303434491157532,0.17230452597141266,0.9529940485954285,0.13062599301338196
15,0.9283089637756348,0.17352385818958282,0.9530547857284546,0.1318492442369461
0,0.7778064608573914,0.4942246079444885,0.8966354727745056,0.2545872926712036
1,0.8692345023155212,0.31182846426963806,0.9277298450469971,0.18850843608379364
2,0.8897154927253723,0.2665421962738037,0.9320417642593384,0.16666319966316223
3,0.900343120098114,0.242664635181427,0.9300376772880554,0.15727365016937256
4,0.9091640710830688,0.22574061155319214,0.935260534286499,0.15013714134693146
5,0.9115932583808899,0.2200070321559906,0.9464958310127258,0.14089609682559967
6,0.9162997603416443,0.21237128973007202,0.9474067687988281,0.1370798796415329
7,0.9191843867301941,0.2043629139661789,0.9430948495864868,0.1394549459218979
8,0.9203838109970093,0.20173469185829163,0.9500182271003723,0.1300622522830963
9,0.9218413233757019,0.19844384491443634,0.9471031427383423,0.1336299479007721
10,0.9223119616508484,0.19580978155136108,0.9503825902938843,0.1284167766571045
11,0.9252573251724243,0.19220009446144104,0.9525689482688904,0.12562435865402222
12,0.9255458116531372,0.1898784339427948,0.9436414241790771,0.1339559406042099
13,0.9254395365715027,0.18975192308425903,0.9529333114624023,0.1222333163022995
14,0.925849437713623,0.18964093923568726,0.949836015701294,0.12786586582660675
15,0.9281571507453918,0.18606062233448029,0.9512328505516052,0.12197037041187286
0,0.9132784605026245,0.19636303186416626,0.9461921453475952,0.14635992050170898
1,0.9422160387039185,0.13882961869239807,0.9398760795593262,0.13850249350070953
2,0.9480764269828796,0.12567690014839172,0.9514150619506836,0.12100565433502197
3,0.9505510926246643,0.1192663386464119,0.9541479349136353,0.1147594153881073
4,0.9518719911575317,0.11575116217136383,0.9526296854019165,0.10957039892673492
5,0.9532080292701721,0.11212015151977539,0.958702802658081,0.10465162247419357
6,0.9548628926277161,0.10854395478963852,0.9579740166664124,0.10289780795574188
7,0.9557434916496277,0.10599414259195328,0.9554840326309204,0.10603459179401398
8,0.9571250677108765,0.1044822409749031,0.9604032635688782,0.09946449100971222
9,0.9566999673843384,0.1031656563282013,0.9547552466392517,0.10815135389566422
10,0.9574894309043884,0.10155577957630157,0.9593708515167236,0.10074756294488907
11,0.9570339918136597,0.10044346004724503,0.9597959518432617,0.10045175999403
12,0.9595542550086975,0.0979219451546669,0.9600388407707214,0.09849902987480164
13,0.9586433172225952,0.09770233184099197,0.950747013092041,0.11706183850765228
14,0.9596757292747498,0.09671450406312943,0.9609498381614685,0.09494276344776154
15,0.9595997929573059,0.09671521186828613,0.961557149887085,0.09535735100507736
0,0.9112288355827332,0.18882839381694794,0.9429733753204346,0.13796460628509521
1,0.9433395266532898,0.13399772346019745,0.9404227137565613,0.14160454273223877
2,0.9479549527168274,0.1225166991353035,0.9542086720466614,0.11358222365379333
3,0.9507940411567688,0.11696869879961014,0.952751100063324,0.11468157172203064
4,0.9510217905044556,0.11540655046701431,0.9455240964889526,0.12358685582876205
5,0.9536027908325195,0.110805943608284,0.9526903629302979,0.1126188263297081
6,0.9541341662406921,0.10884000360965729,0.9551803469657898,0.10891448706388474
7,0.9549843668937683,0.10702558606863022,0.9401797652244568,0.14174450933933258
8,0.9558345675468445,0.10584625601768494,0.958702802658081,0.10684095323085785
9,0.9565633535385132,0.10341665148735046,0.9552410840988159,0.10893873125314713
10,0.9566847681999207,0.10261885076761246,0.9578525424003601,0.10671812295913696
11,0.9575349688529968,0.1020485907793045,0.9593708515167236,0.10429880023002625
12,0.9584307670593262,0.10055958479642868,0.9599781632423401,0.10348495095968246
13,0.9586433172225952,0.09907075762748718,0.9606461524963379,0.1007036417722702
14,0.959098756313324,0.09808468073606491,0.961557149887085,0.10148265212774277
15,0.9591139554977417,0.09766972810029984,0.9574881792068481,0.10623825341463089
0,0.7666018605232239,0.546583890914917,0.8954208493232727,0.21264000236988068
1,0.8602162003517151,0.31660982966423035,0.9143082499504089,0.18884144723415375
2,0.8834907412528992,0.27817025780677795,0.9302805662155151,0.1675749570131302
3,0.8966689705848694,0.2602071464061737,0.9360500574111938,0.15889281034469604
4,0.9045486450195312,0.24148309230804443,0.9379327297210693,0.15475532412528992
5,0.9090425968170166,0.23336860537528992,0.9220818877220154,0.19082395732402802
6,0.9136580228805542,0.22511857748031616,0.9429733753204346,0.14613211154937744
7,0.9173625111579895,0.21644005179405212,0.9484391808509827,0.13601310551166534
8,0.9189566969871521,0.21261337399482727,0.9469209313392639,0.13779309391975403
9,0.920763373374939,0.2063063681125641,0.950747013092041,0.1356903314590454
10,0.9216743111610413,0.20503461360931396,0.9448560476303101,0.13661931455135345
11,0.9218565225601196,0.19978658854961395,0.945706307888031,0.1380908489227295
12,0.924847424030304,0.19353477656841278,0.9483785033226013,0.13378852605819702
13,0.9268970489501953,0.1923859715461731,0.9426697492599487,0.13863131403923035
14,0.9274739623069763,0.18944966793060303,0.9493501782417297,0.13146479427814484
15,0.9265782237052917,0.1862136572599411,0.953236997127533,0.12803004682064056
0,0.7520268559455872,0.5211310386657715,0.8900765180587769,0.22149257361888885
1,0.8680958151817322,0.31797587871551514,0.9181950688362122,0.18150261044502258
2,0.8890171051025391,0.2729491889476776,0.935260534286499,0.16306054592132568
3,0.8994929194450378,0.2523419260978699,0.9389044046401978,0.15543505549430847
4,0.9082834720611572,0.23632210493087769,0.9402405023574829,0.1544613391160965
5,0.912094235420227,0.22903932631015778,0.9409692883491516,0.1473364531993866
6,0.9156469106674194,0.2202330380678177,0.9440058469772339,0.1418927162885666
7,0.917969822883606,0.21391533315181732,0.9389651417732239,0.15194222331047058
8,0.921188473701477,0.20615273714065552,0.9445524215698242,0.14541351795196533
9,0.9199587106704712,0.20565293729305267,0.9408478140830994,0.14022000133991241
10,0.92305588722229,0.20002402365207672,0.9484999179840088,0.1334945410490036
11,0.9252269864082336,0.19563381373882294,0.9418802261352539,0.14287328720092773
12,0.9247866868972778,0.19424323737621307,0.9515972137451172,0.1320609748363495
13,0.9261682629585266,0.19292329251766205,0.9459492564201355,0.13909563422203064
14,0.9262290000915527,0.19160835444927216,0.9515364766120911,0.1315218210220337
15,0.9257583618164062,0.18944020569324493,0.9448560476303101,0.13378654420375824
